1.240000E0	1.527952E-1	8.781148E-2
1.280000E0	1.527580E-1	8.783807E-2
1.320000E0	1.517453E-1	8.769517E-2
1.360000E0	1.497526E-1	8.752807E-2
1.400000E0	1.471648E-1	8.728672E-2
1.440000E0	1.438776E-1	8.698524E-2
1.480000E0	1.400547E-1	8.670909E-2
1.520000E0	1.355189E-1	8.639425E-2
1.560000E0	1.306784E-1	8.621033E-2
1.600000E0	1.254784E-1	8.612501E-2
1.640000E0	1.199728E-1	8.610396E-2
1.680000E0	1.143034E-1	8.615974E-2
1.720000E0	1.085385E-1	8.625786E-2
1.760000E0	1.030123E-1	8.648249E-2
1.800000E0	9.759648E-2	8.672602E-2
1.840000E0	9.264863E-2	8.714460E-2
1.880000E0	8.794842E-2	8.747666E-2
1.920000E0	8.420335E-2	8.771809E-2
1.960000E0	8.108206E-2	8.786254E-2
2.000000E0	7.861439E-2	8.812063E-2
2.040000E0	7.697385E-2	8.834949E-2
2.080000E0	7.629287E-2	8.837964E-2
2.120000E0	7.615690E-2	8.839905E-2
2.160000E0	7.678444E-2	8.820579E-2
2.200000E0	7.854896E-2	8.808334E-2
2.240000E0	8.103085E-2	8.779131E-2
2.280000E0	8.420241E-2	8.769013E-2
2.320000E0	8.812238E-2	8.726731E-2
2.360000E0	9.255872E-2	8.704924E-2
2.400000E0	9.755338E-2	8.674085E-2
2.440000E0	1.027543E-1	8.648060E-2
2.480000E0	1.082774E-1	8.626527E-2
2.520000E0	1.139935E-1	8.612794E-2
2.560000E0	1.195458E-1	8.617360E-2
2.600000E0	1.249952E-1	8.626724E-2
2.640000E0	1.300928E-1	8.628725E-2
2.680000E0	1.349453E-1	8.638007E-2
2.720000E0	1.393143E-1	8.661416E-2
2.760000E0	1.429160E-1	8.692909E-2
2.800000E0	1.462197E-1	8.713815E-2
2.840000E0	1.486015E-1	8.727780E-2
2.880000E0	1.501954E-1	8.747837E-2
2.920000E0	1.510478E-1	8.763023E-2
2.960000E0	1.512550E-1	8.769966E-2
3.000000E0	1.508829E-1	8.762934E-2
3.040000E0	1.494575E-1	8.755894E-2
3.080000E0	1.471399E-1	8.737627E-2
3.120000E0	1.441843E-1	8.702842E-2
3.160000E0	1.406537E-1	8.680804E-2
3.200000E0	1.367080E-1	8.662055E-2
3.240000E0	1.320321E-1	8.643345E-2
3.280000E0	1.271689E-1	8.618595E-2
3.320000E0	1.219701E-1	8.613605E-2
3.360000E0	1.165342E-1	8.620085E-2
3.400000E0	1.110986E-1	8.625577E-2
3.440000E0	1.056115E-1	8.630018E-2
3.480000E0	1.003653E-1	8.650942E-2
3.520000E0	9.543708E-2	8.689055E-2
3.560000E0	9.090565E-2	8.713577E-2
3.600000E0	8.681853E-2	8.750998E-2
3.640000E0	8.344129E-2	8.773328E-2
3.680000E0	8.073325E-2	8.812059E-2
3.720000E0	7.887447E-2	8.820097E-2
3.760000E0	7.789690E-2	8.833064E-2
3.800000E0	7.763020E-2	8.828890E-2
3.840000E0	7.789327E-2	8.818783E-2
3.880000E0	7.915623E-2	8.811882E-2
3.920000E0	8.135477E-2	8.773847E-2
3.960000E0	8.414791E-2	8.755921E-2
4.000000E0	8.763439E-2	8.740881E-2
4.040000E0	9.171193E-2	8.712330E-2
4.080000E0	9.624777E-2	8.682721E-2
4.120000E0	1.012328E-1	8.655731E-2
4.160000E0	1.063605E-1	8.631041E-2
4.200000E0	1.117857E-1	8.616085E-2
4.240000E0	1.172292E-1	8.601839E-2
4.280000E0	1.224952E-1	8.612683E-2
4.320000E0	1.275411E-1	8.621616E-2
4.360000E0	1.322640E-1	8.634168E-2
4.400000E0	1.364657E-1	8.638211E-2
4.440000E0	1.402905E-1	8.675792E-2
4.480000E0	1.435649E-1	8.694368E-2
4.520000E0	1.462260E-1	8.714563E-2
4.560000E0	1.481014E-1	8.732786E-2
4.600000E0	1.491717E-1	8.735034E-2
4.640000E0	1.495402E-1	8.737536E-2
4.680000E0	1.495542E-1	8.733364E-2
4.720000E0	1.485349E-1	8.724295E-2
4.760000E0	1.467187E-1	8.711359E-2
4.800000E0	1.442634E-1	8.701107E-2
4.840000E0	1.413079E-1	8.682262E-2
4.880000E0	1.374804E-1	8.641874E-2
4.920000E0	1.333233E-1	8.625735E-2
4.960000E0	1.288511E-1	8.612926E-2
5.000000E0	1.240205E-1	8.607043E-2
5.040000E0	1.189175E-1	8.612534E-2
5.080000E0	1.136837E-1	8.608411E-2
5.120000E0	1.083433E-1	8.619012E-2
5.160000E0	1.033229E-1	8.635122E-2
5.200000E0	9.838927E-2	8.662769E-2
5.240000E0	9.379777E-2	8.699412E-2
5.280000E0	8.976585E-2	8.720456E-2
5.320000E0	8.631667E-2	8.745729E-2
5.360000E0	8.337316E-2	8.754650E-2
5.400000E0	8.138388E-2	8.779132E-2
5.440000E0	7.993343E-2	8.802020E-2
5.480000E0	7.934608E-2	8.800961E-2
5.520000E0	7.940159E-2	8.804968E-2
5.560000E0	8.018385E-2	8.808029E-2
5.600000E0	8.207762E-2	8.784042E-2
5.640000E0	8.437574E-2	8.757315E-2
5.680000E0	8.758098E-2	8.737417E-2
5.720000E0	9.124311E-2	8.707770E-2
5.760000E0	9.541607E-2	8.702015E-2
5.800000E0	9.998325E-2	8.669352E-2
5.840000E0	1.048526E-1	8.646058E-2
5.880000E0	1.099962E-1	8.633654E-2
5.920000E0	1.150850E-1	8.620903E-2
5.960000E0	1.201727E-1	8.617067E-2
6.000000E0	1.250361E-1	8.626787E-2
6.040000E0	1.296113E-1	8.633210E-2
6.080000E0	1.340377E-1	8.634242E-2
6.120000E0	1.378927E-1	8.659390E-2
6.160000E0	1.411475E-1	8.689858E-2
6.200000E0	1.438419E-1	8.702221E-2
6.240000E0	1.460322E-1	8.711908E-2
6.280000E0	1.472615E-1	8.728671E-2
6.320000E0	1.480168E-1	8.726205E-2
6.360000E0	1.480983E-1	8.729991E-2
6.400000E0	1.474531E-1	8.731140E-2
6.440000E0	1.457913E-1	8.714862E-2
6.480000E0	1.436007E-1	8.701660E-2
6.520000E0	1.406708E-1	8.680465E-2
6.560000E0	1.372944E-1	8.650860E-2
6.600000E0	1.333343E-1	8.634156E-2
6.640000E0	1.290272E-1	8.630234E-2
6.680000E0	1.244751E-1	8.621173E-2
6.720000E0	1.198060E-1	8.609984E-2
6.760000E0	1.147134E-1	8.609326E-2
6.800000E0	1.096195E-1	8.623660E-2
6.840000E0	1.046523E-1	8.629665E-2
6.880000E0	9.994237E-2	8.648240E-2
6.920000E0	9.556940E-2	8.675479E-2
6.960000E0	9.154105E-2	8.696920E-2
7.000000E0	8.818926E-2	8.736602E-2
7.040000E0	8.522092E-2	8.752729E-2
7.080000E0	8.314882E-2	8.779203E-2
7.120000E0	8.168470E-2	8.792536E-2
7.160000E0	8.097955E-2	8.792325E-2
7.200000E0	8.083244E-2	8.777882E-2
7.240000E0	8.136526E-2	8.770559E-2
7.280000E0	8.288854E-2	8.760221E-2
7.320000E0	8.504695E-2	8.748369E-2
7.360000E0	8.795857E-2	8.720311E-2
7.400000E0	9.127401E-2	8.712428E-2
7.440000E0	9.521933E-2	8.687223E-2
7.480000E0	9.944244E-2	8.657431E-2
7.520000E0	1.041580E-1	8.641466E-2
7.560000E0	1.090009E-1	8.627468E-2
7.600000E0	1.139525E-1	8.607127E-2
7.640000E0	1.188998E-1	8.610811E-2
7.680000E0	1.237310E-1	8.619500E-2
7.720000E0	1.282467E-1	8.625192E-2
7.760000E0	1.323506E-1	8.632230E-2
7.800000E0	1.361833E-1	8.650463E-2
7.840000E0	1.395373E-1	8.671629E-2
7.880000E0	1.421728E-1	8.692136E-2
7.920000E0	1.443179E-1	8.699427E-2
7.960000E0	1.456987E-1	8.716418E-2
8.000000E0	1.464753E-1	8.725829E-2
8.040000E0	1.466253E-1	8.730549E-2
8.080000E0	1.464163E-1	8.725041E-2
8.120000E0	1.453036E-1	8.713719E-2
8.160000E0	1.433137E-1	8.689404E-2
8.200000E0	1.408704E-1	8.680375E-2
8.240000E0	1.379756E-1	8.653961E-2
8.280000E0	1.343364E-1	8.645831E-2
8.320000E0	1.303225E-1	8.633440E-2
8.360000E0	1.260631E-1	8.626035E-2
8.400000E0	1.214428E-1	8.613515E-2
8.440000E0	1.168398E-1	8.602079E-2
8.480000E0	1.119933E-1	8.612320E-2
8.520000E0	1.071109E-1	8.626974E-2
8.560000E0	1.024695E-1	8.650306E-2
8.600000E0	9.810531E-2	8.663993E-2
8.640000E0	9.415456E-2	8.699501E-2
8.680000E0	9.056104E-2	8.712239E-2
8.720000E0	8.779746E-2	8.735758E-2
8.760000E0	8.546576E-2	8.745998E-2
8.800000E0	8.349999E-2	8.759338E-2
8.840000E0	8.265259E-2	8.776357E-2
8.880000E0	8.237892E-2	8.767291E-2
8.920000E0	8.246979E-2	8.768160E-2
8.960000E0	8.317762E-2	8.773039E-2
9.000000E0	8.488484E-2	8.749402E-2
9.040000E0	8.721130E-2	8.748408E-2
9.080000E0	9.025509E-2	8.718255E-2
9.120000E0	9.371095E-2	8.700606E-2
9.160000E0	9.760492E-2	8.677782E-2
9.200000E0	1.018368E-1	8.659128E-2
9.240000E0	1.065717E-1	8.637118E-2
9.280000E0	1.112294E-1	8.633555E-2
9.320000E0	1.158410E-1	8.614142E-2
9.360000E0	1.205319E-1	8.617501E-2
9.400000E0	1.250205E-1	8.626077E-2
9.440000E0	1.291335E-1	8.631888E-2
9.480000E0	1.330884E-1	8.636330E-2
9.520000E0	1.364184E-1	8.641888E-2
9.560000E0	1.395142E-1	8.651531E-2
9.600000E0	1.420087E-1	8.679226E-2
9.640000E0	1.436238E-1	8.693662E-2
9.680000E0	1.447224E-1	8.705795E-2
9.720000E0	1.452947E-1	8.707061E-2
9.760000E0	1.453365E-1	8.707889E-2
9.800000E0	1.446857E-1	8.706079E-2
9.840000E0	1.431037E-1	8.697779E-2
9.880000E0	1.406854E-1	8.690838E-2
9.920000E0	1.381452E-1	8.672146E-2
9.960000E0	1.348622E-1	8.639000E-2
1.000000E1	1.312420E-1	8.619994E-2
1.004000E1	1.272194E-1	8.614790E-2
1.008000E1	1.229561E-1	8.623512E-2
1.012000E1	1.183970E-1	8.617954E-2
1.016000E1	1.139345E-1	8.615178E-2
1.020000E1	1.092732E-1	8.619980E-2
1.024000E1	1.047847E-1	8.625992E-2
1.028000E1	1.004997E-1	8.658795E-2
1.032000E1	9.644008E-2	8.690284E-2
1.036000E1	9.276686E-2	8.698813E-2
1.040000E1	8.970544E-2	8.729311E-2
1.044000E1	8.723012E-2	8.742340E-2
1.048000E1	8.519797E-2	8.750253E-2
1.052000E1	8.407743E-2	8.757166E-2
1.056000E1	8.371378E-2	8.784070E-2
1.060000E1	8.368009E-2	8.775739E-2
1.064000E1	8.444816E-2	8.756994E-2
1.068000E1	8.623363E-2	8.753830E-2
1.072000E1	8.866656E-2	8.736575E-2
1.076000E1	9.148919E-2	8.703589E-2
1.080000E1	9.480705E-2	8.696452E-2
1.084000E1	9.869536E-2	8.667470E-2
1.088000E1	1.028564E-1	8.653126E-2
1.092000E1	1.072283E-1	8.652366E-2
1.096000E1	1.118955E-1	8.640624E-2
1.100000E1	1.163525E-1	8.616643E-2
1.104000E1	1.208129E-1	8.614877E-2
1.108000E1	1.250188E-1	8.630328E-2
1.112000E1	1.290670E-1	8.636401E-2
1.116000E1	1.327365E-1	8.634058E-2
1.120000E1	1.360650E-1	8.638272E-2
1.124000E1	1.387168E-1	8.664076E-2
1.128000E1	1.410353E-1	8.678105E-2
1.132000E1	1.427040E-1	8.682463E-2
1.136000E1	1.437319E-1	8.689018E-2
1.140000E1	1.440756E-1	8.691053E-2
1.144000E1	1.440811E-1	8.683627E-2
1.148000E1	1.433023E-1	8.682591E-2
1.152000E1	1.417582E-1	8.673130E-2
1.156000E1	1.397173E-1	8.658625E-2
1.160000E1	1.370001E-1	8.634288E-2
1.164000E1	1.339334E-1	8.626318E-2
1.168000E1	1.303502E-1	8.611083E-2
1.172000E1	1.265214E-1	8.615890E-2
1.176000E1	1.223958E-1	8.610834E-2
1.180000E1	1.180310E-1	8.608453E-2
1.184000E1	1.136866E-1	8.609321E-2
1.188000E1	1.092661E-1	8.621628E-2
1.192000E1	1.048314E-1	8.631260E-2
1.196000E1	1.008267E-1	8.639037E-2
1.200000E1	9.698664E-2	8.669038E-2
1.204000E1	9.346629E-2	8.703981E-2
1.208000E1	9.050616E-2	8.715631E-2
1.212000E1	8.823824E-2	8.734675E-2
1.216000E1	8.644142E-2	8.733573E-2
1.220000E1	8.530497E-2	8.740715E-2
1.224000E1	8.491998E-2	8.735750E-2
1.228000E1	8.503314E-2	8.731946E-2
1.232000E1	8.580094E-2	8.729965E-2
1.236000E1	8.750184E-2	8.711892E-2
1.240000E1	8.970326E-2	8.707927E-2
1.244000E1	9.260580E-2	8.689692E-2
1.248000E1	9.577635E-2	8.673113E-2
1.252000E1	9.950835E-2	8.651442E-2
1.256000E1	1.034054E-1	8.626339E-2
1.260000E1	1.077120E-1	8.622978E-2
1.264000E1	1.120171E-1	8.615381E-2
1.268000E1	1.163234E-1	8.602026E-2
1.272000E1	1.207102E-1	8.612535E-2
1.276000E1	1.247411E-1	8.611733E-2
1.280000E1	1.285840E-1	8.627347E-2
1.284000E1	1.320850E-1	8.634065E-2
1.288000E1	1.351293E-1	8.640161E-2
1.292000E1	1.378917E-1	8.648545E-2
1.296000E1	1.401348E-1	8.671402E-2
1.300000E1	1.416331E-1	8.671374E-2
1.304000E1	1.424352E-1	8.680378E-2
1.308000E1	1.428357E-1	8.683979E-2
1.312000E1	1.428358E-1	8.684736E-2
1.316000E1	1.422317E-1	8.674890E-2
1.320000E1	1.407613E-1	8.668553E-2
1.324000E1	1.389202E-1	8.654445E-2
1.328000E1	1.364445E-1	8.647894E-2
1.332000E1	1.333836E-1	8.640679E-2
1.336000E1	1.300828E-1	8.631796E-2
1.340000E1	1.263314E-1	8.614595E-2
1.344000E1	1.223593E-1	8.607404E-2
1.348000E1	1.182831E-1	8.605194E-2
1.352000E1	1.140185E-1	8.608091E-2
1.356000E1	1.097818E-1	8.628876E-2
1.360000E1	1.057018E-1	8.629502E-2
1.364000E1	1.017425E-1	8.630907E-2
1.368000E1	9.794776E-2	8.654409E-2
1.372000E1	9.465797E-2	8.694347E-2
1.376000E1	9.181471E-2	8.710117E-2
1.380000E1	8.950930E-2	8.713028E-2
1.384000E1	8.777025E-2	8.737689E-2
1.388000E1	8.655695E-2	8.733201E-2
1.392000E1	8.607771E-2	8.734838E-2
1.396000E1	8.607298E-2	8.734346E-2
1.400000E1	8.663138E-2	8.727952E-2
1.404000E1	8.811666E-2	8.720119E-2
1.408000E1	9.015110E-2	8.711845E-2
1.412000E1	9.270368E-2	8.694738E-2
1.416000E1	9.580505E-2	8.656722E-2
1.420000E1	9.916995E-2	8.656476E-2
1.424000E1	1.029783E-1	8.647291E-2
1.428000E1	1.069794E-1	8.637258E-2
1.432000E1	1.110494E-1	8.608699E-2
1.436000E1	1.152254E-1	8.604078E-2
1.440000E1	1.193308E-1	8.606854E-2
1.444000E1	1.232049E-1	8.618516E-2
1.448000E1	1.270553E-1	8.630045E-2
1.452000E1	1.302613E-1	8.617291E-2
1.456000E1	1.334267E-1	8.631552E-2
1.460000E1	1.361663E-1	8.640707E-2
1.464000E1	1.383280E-1	8.643323E-2
1.468000E1	1.398889E-1	8.663601E-2
1.472000E1	1.409444E-1	8.670559E-2
1.476000E1	1.413446E-1	8.677683E-2
1.480000E1	1.414371E-1	8.672031E-2
1.484000E1	1.410747E-1	8.672486E-2
1.488000E1	1.397160E-1	8.662678E-2
1.492000E1	1.381530E-1	8.657794E-2
1.496000E1	1.355267E-1	8.634115E-2
1.500000E1	1.328022E-1	8.624739E-2
1.504000E1	1.296905E-1	8.605484E-2
1.508000E1	1.261570E-1	8.617017E-2
1.512000E1	1.224054E-1	8.623454E-2
1.516000E1	1.185346E-1	8.613395E-2
1.520000E1	1.144201E-1	8.616832E-2
1.524000E1	1.103960E-1	8.623096E-2
1.528000E1	1.064021E-1	8.625792E-2
1.532000E1	1.025056E-1	8.644104E-2
1.536000E1	9.894194E-2	8.645971E-2
1.540000E1	9.568697E-2	8.676061E-2
1.544000E1	9.283656E-2	8.701978E-2
1.548000E1	9.048440E-2	8.711455E-2
1.552000E1	8.880013E-2	8.730699E-2
1.556000E1	8.770535E-2	8.733724E-2
1.560000E1	8.708851E-2	8.737314E-2
1.564000E1	8.702850E-2	8.732236E-2
1.568000E1	8.751210E-2	8.729303E-2
1.572000E1	8.883962E-2	8.714938E-2
1.576000E1	9.064150E-2	8.702960E-2
1.580000E1	9.302882E-2	8.700983E-2
1.584000E1	9.587578E-2	8.698132E-2
1.588000E1	9.916839E-2	8.671708E-2
1.592000E1	1.027622E-1	8.659371E-2
1.596000E1	1.066974E-1	8.633132E-2
1.600000E1	1.107826E-1	8.625626E-2
1.604000E1	1.147763E-1	8.617847E-2
1.608000E1	1.186699E-1	8.614860E-2
1.612000E1	1.224724E-1	8.622764E-2
1.616000E1	1.261794E-1	8.621789E-2
1.620000E1	1.294867E-1	8.625685E-2
1.624000E1	1.323193E-1	8.629087E-2
1.628000E1	1.351058E-1	8.637171E-2
1.632000E1	1.372256E-1	8.648465E-2
1.636000E1	1.389445E-1	8.660016E-2
1.640000E1	1.399221E-1	8.668282E-2
1.644000E1	1.404112E-1	8.675004E-2
1.648000E1	1.405119E-1	8.673793E-2
1.652000E1	1.402217E-1	8.670368E-2
1.656000E1	1.391308E-1	8.672041E-2
1.660000E1	1.373981E-1	8.656532E-2
1.664000E1	1.352284E-1	8.649726E-2
1.668000E1	1.323773E-1	8.627998E-2
1.672000E1	1.293147E-1	8.618933E-2
1.676000E1	1.260879E-1	8.624324E-2
1.680000E1	1.226518E-1	8.610496E-2
1.684000E1	1.189038E-1	8.607816E-2
1.688000E1	1.149208E-1	8.607972E-2
1.692000E1	1.110014E-1	8.611328E-2
1.696000E1	1.070139E-1	8.627503E-2
1.700000E1	1.031938E-1	8.638021E-2
1.704000E1	9.986975E-2	8.646013E-2
1.708000E1	9.670252E-2	8.666444E-2
1.712000E1	9.389858E-2	8.702181E-2
1.716000E1	9.171179E-2	8.711858E-2
1.720000E1	8.987743E-2	8.725302E-2
1.724000E1	8.875890E-2	8.738054E-2
1.728000E1	8.818612E-2	8.731555E-2
1.732000E1	8.799183E-2	8.725904E-2
1.736000E1	8.830204E-2	8.731107E-2
1.740000E1	8.933232E-2	8.719498E-2
1.744000E1	9.099025E-2	8.700807E-2
1.748000E1	9.318233E-2	8.701017E-2
1.752000E1	9.598988E-2	8.693007E-2
1.756000E1	9.898335E-2	8.665582E-2
1.760000E1	1.022861E-1	8.656937E-2
1.764000E1	1.059990E-1	8.645762E-2
1.768000E1	1.097287E-1	8.640120E-2
1.772000E1	1.136613E-1	8.619434E-2
1.776000E1	1.174870E-1	8.619667E-2
1.780000E1	1.212670E-1	8.613572E-2
1.784000E1	1.247485E-1	8.622144E-2
1.788000E1	1.279631E-1	8.620657E-2
1.792000E1	1.308097E-1	8.632125E-2
1.796000E1	1.334305E-1	8.636351E-2
1.800000E1	1.355595E-1	8.631875E-2
1.804000E1	1.372985E-1	8.643646E-2
1.808000E1	1.384718E-1	8.647548E-2
1.812000E1	1.391418E-1	8.658166E-2
1.816000E1	1.393197E-1	8.662141E-2
1.820000E1	1.391532E-1	8.664689E-2
1.824000E1	1.381749E-1	8.663745E-2
1.828000E1	1.364956E-1	8.647361E-2
1.832000E1	1.343000E-1	8.636651E-2
1.836000E1	1.319813E-1	8.614566E-2
1.840000E1	1.290126E-1	8.615364E-2
1.844000E1	1.259739E-1	8.621877E-2
1.848000E1	1.223996E-1	8.617140E-2
1.852000E1	1.188939E-1	8.619621E-2
1.856000E1	1.152362E-1	8.618605E-2
1.860000E1	1.113274E-1	8.622873E-2
1.864000E1	1.077302E-1	8.620878E-2
1.868000E1	1.041011E-1	8.632481E-2
1.872000E1	1.007620E-1	8.672019E-2
1.876000E1	9.768916E-2	8.692640E-2
1.880000E1	9.492361E-2	8.700442E-2
1.884000E1	9.278585E-2	8.711176E-2
1.888000E1	9.087866E-2	8.719961E-2
1.892000E1	8.969451E-2	8.724420E-2
1.896000E1	8.913940E-2	8.727888E-2
1.900000E1	8.890261E-2	8.737485E-2
1.904000E1	8.916641E-2	8.721004E-2
1.908000E1	9.005178E-2	8.710422E-2
1.912000E1	9.175469E-2	8.713633E-2
1.916000E1	9.373373E-2	8.701477E-2
1.920000E1	9.637914E-2	8.699594E-2
1.924000E1	9.912854E-2	8.696958E-2
1.928000E1	1.023720E-1	8.671905E-2
1.932000E1	1.058476E-1	8.658207E-2
1.936000E1	1.094824E-1	8.648676E-2
1.940000E1	1.132095E-1	8.635465E-2
1.944000E1	1.168722E-1	8.625340E-2
1.948000E1	1.205541E-1	8.624962E-2
1.952000E1	1.239927E-1	8.632043E-2
1.956000E1	1.271003E-1	8.628270E-2
1.960000E1	1.300036E-1	8.643612E-2
1.964000E1	1.325725E-1	8.638336E-2
1.968000E1	1.347645E-1	8.638590E-2
1.972000E1	1.363672E-1	8.641117E-2
1.976000E1	1.375285E-1	8.643021E-2
1.980000E1	1.381332E-1	8.637732E-2
1.984000E1	1.383518E-1	8.637757E-2
1.988000E1	1.381829E-1	8.634982E-2
1.992000E1	1.373884E-1	8.627409E-2
1.996000E1	1.360835E-1	8.629391E-2
2.000000E1	1.341473E-1	8.621818E-2
2.004000E1	1.318975E-1	8.612495E-2
2.008000E1	1.291928E-1	8.607692E-2
2.012000E1	1.262085E-1	8.604306E-2
2.016000E1	1.229896E-1	8.614884E-2
2.020000E1	1.193684E-1	8.624016E-2
2.024000E1	1.159362E-1	8.611623E-2
2.028000E1	1.123411E-1	8.610267E-2
2.032000E1	1.086798E-1	8.610782E-2
2.036000E1	1.052154E-1	8.624336E-2
2.040000E1	1.019993E-1	8.635493E-2
2.044000E1	9.890530E-2	8.650704E-2
2.048000E1	9.617832E-2	8.676366E-2
2.052000E1	9.402775E-2	8.673748E-2
2.056000E1	9.219733E-2	8.697972E-2
2.060000E1	9.102862E-2	8.709242E-2
2.064000E1	9.038923E-2	8.722665E-2
2.068000E1	9.011972E-2	8.716015E-2
2.072000E1	9.029437E-2	8.717112E-2
2.076000E1	9.115728E-2	8.710790E-2
2.080000E1	9.259790E-2	8.707003E-2
2.084000E1	9.467405E-2	8.696525E-2
2.088000E1	9.716384E-2	8.688033E-2
2.092000E1	9.999143E-2	8.670962E-2
2.096000E1	1.030465E-1	8.670262E-2
2.100000E1	1.064260E-1	8.642490E-2
2.104000E1	1.098697E-1	8.623600E-2
2.108000E1	1.134183E-1	8.610189E-2
2.112000E1	1.169256E-1	8.603633E-2
2.116000E1	1.204950E-1	8.618660E-2
2.120000E1	1.238808E-1	8.616466E-2
2.124000E1	1.267034E-1	8.627523E-2
2.128000E1	1.295667E-1	8.632159E-2
2.132000E1	1.319663E-1	8.630404E-2
2.136000E1	1.339680E-1	8.634401E-2
2.140000E1	1.356201E-1	8.641569E-2
2.144000E1	1.366882E-1	8.639460E-2
2.148000E1	1.372994E-1	8.639851E-2
2.152000E1	1.375903E-1	8.637830E-2
2.156000E1	1.373333E-1	8.630816E-2
2.160000E1	1.365748E-1	8.635246E-2
2.164000E1	1.351755E-1	8.629435E-2
2.168000E1	1.333042E-1	8.618488E-2
2.172000E1	1.311832E-1	8.614206E-2
2.176000E1	1.286211E-1	8.611947E-2
2.180000E1	1.259207E-1	8.603927E-2
2.184000E1	1.228183E-1	8.602923E-2
2.188000E1	1.195405E-1	8.614966E-2
2.192000E1	1.160492E-1	8.614456E-2
2.196000E1	1.125202E-1	8.617491E-2
2.200000E1	1.090402E-1	8.619247E-2
2.204000E1	1.056932E-1	8.627344E-2
2.208000E1	1.024886E-1	8.638497E-2
2.212000E1	9.963739E-2	8.638465E-2
2.216000E1	9.708006E-2	8.651319E-2
2.220000E1	9.494811E-2	8.674454E-2
2.224000E1	9.327681E-2	8.682259E-2
2.228000E1	9.195744E-2	8.688103E-2
2.232000E1	9.127933E-2	8.694889E-2
2.236000E1	9.086273E-2	8.699381E-2
2.240000E1	9.096107E-2	8.708971E-2
2.244000E1	9.158891E-2	8.701447E-2
2.248000E1	9.309078E-2	8.688496E-2
2.252000E1	9.502680E-2	8.667269E-2
2.256000E1	9.713028E-2	8.666753E-2
2.260000E1	9.977367E-2	8.652889E-2
2.264000E1	1.027687E-1	8.650229E-2
2.268000E1	1.060527E-1	8.640320E-2
2.272000E1	1.093263E-1	8.618956E-2
2.276000E1	1.127806E-1	8.609825E-2
2.280000E1	1.162002E-1	8.611726E-2
2.284000E1	1.194043E-1	8.615077E-2
2.288000E1	1.227047E-1	8.613930E-2
2.292000E1	1.256748E-1	8.619170E-2
2.296000E1	1.284180E-1	8.622905E-2
2.300000E1	1.305864E-1	8.626295E-2
2.304000E1	1.327131E-1	8.628496E-2
2.308000E1	1.343516E-1	8.635727E-2
2.312000E1	1.354449E-1	8.631817E-2
2.316000E1	1.361311E-1	8.637669E-2
2.320000E1	1.365120E-1	8.634355E-2
2.324000E1	1.363521E-1	8.634019E-2
2.328000E1	1.358742E-1	8.632454E-2
2.332000E1	1.346408E-1	8.630697E-2
2.336000E1	1.330659E-1	8.620736E-2
2.340000E1	1.311841E-1	8.616238E-2
2.344000E1	1.286351E-1	8.617460E-2
2.348000E1	1.259818E-1	8.612696E-2
2.352000E1	1.232231E-1	8.609003E-2
2.356000E1	1.200779E-1	8.612423E-2
2.360000E1	1.168657E-1	8.615728E-2
2.364000E1	1.134930E-1	8.614442E-2
2.368000E1	1.100271E-1	8.622774E-2
2.372000E1	1.067992E-1	8.628690E-2
2.376000E1	1.037354E-1	8.636376E-2
2.380000E1	1.008651E-1	8.634186E-2
2.384000E1	9.835916E-2	8.651854E-2
2.388000E1	9.614334E-2	8.667002E-2
2.392000E1	9.448647E-2	8.678902E-2
2.396000E1	9.311250E-2	8.690234E-2
2.400000E1	9.238259E-2	8.684608E-2
2.404000E1	9.201172E-2	8.682957E-2
2.408000E1	9.203628E-2	8.678160E-2
2.412000E1	9.244280E-2	8.684567E-2
2.416000E1	9.356224E-2	8.676232E-2
2.420000E1	9.527640E-2	8.657998E-2
2.424000E1	9.732852E-2	8.653345E-2
2.428000E1	9.963070E-2	8.654575E-2
2.432000E1	1.024873E-1	8.647596E-2
2.436000E1	1.054015E-1	8.649121E-2
2.440000E1	1.085627E-1	8.627374E-2
2.444000E1	1.117756E-1	8.618013E-2
2.448000E1	1.152011E-1	8.598234E-2
2.452000E1	1.184306E-1	8.607800E-2
2.456000E1	1.215649E-1	8.621716E-2
2.460000E1	1.244840E-1	8.624221E-2
2.464000E1	1.271851E-1	8.621364E-2
2.468000E1	1.295855E-1	8.635482E-2
2.472000E1	1.318285E-1	8.646346E-2
2.476000E1	1.331286E-1	8.640781E-2
2.480000E1	1.346618E-1	8.647896E-2
2.484000E1	1.353571E-1	8.650580E-2
2.488000E1	1.356885E-1	8.655397E-2
2.492000E1	1.358281E-1	8.654552E-2
2.496000E1	1.355387E-1	8.663097E-2
2.500000E1	1.346752E-1	8.660957E-2
2.504000E1	1.333206E-1	8.654229E-2
2.508000E1	1.315633E-1	8.659965E-2
2.512000E1	1.293962E-1	8.636292E-2
2.516000E1	1.269360E-1	8.627990E-2
2.520000E1	1.241668E-1	8.628459E-2
2.524000E1	1.213142E-1	8.618318E-2
2.528000E1	1.182342E-1	8.614696E-2
2.532000E1	1.150004E-1	8.620055E-2
2.536000E1	1.117802E-1	8.626454E-2
2.540000E1	1.086132E-1	8.630289E-2
2.544000E1	1.056247E-1	8.633135E-2
2.548000E1	1.025969E-1	8.636996E-2
2.552000E1	1.000580E-1	8.650410E-2
2.556000E1	9.766628E-2	8.659712E-2
2.560000E1	9.581335E-2	8.677856E-2
2.564000E1	9.440043E-2	8.685154E-2
2.568000E1	9.325452E-2	8.688891E-2
2.572000E1	9.276499E-2	8.693068E-2
2.576000E1	9.259336E-2	8.685141E-2
2.580000E1	9.284765E-2	8.686077E-2
2.584000E1	9.366211E-2	8.674594E-2
2.588000E1	9.511735E-2	8.667939E-2
2.592000E1	9.692084E-2	8.654651E-2
2.596000E1	9.898449E-2	8.659053E-2
2.600000E1	1.014184E-1	8.649335E-2
2.604000E1	1.041244E-1	8.633991E-2
2.608000E1	1.071516E-1	8.626775E-2
2.612000E1	1.102204E-1	8.601830E-2
2.616000E1	1.132863E-1	8.604325E-2
2.620000E1	1.165834E-1	8.611793E-2
2.624000E1	1.197203E-1	8.604526E-2
2.628000E1	1.225722E-1	8.616139E-2
2.632000E1	1.252820E-1	8.618502E-2
2.636000E1	1.276188E-1	8.626353E-2
2.640000E1	1.298741E-1	8.628053E-2
2.644000E1	1.314825E-1	8.625994E-2
2.648000E1	1.328408E-1	8.629737E-2
2.652000E1	1.338254E-1	8.632907E-2
2.656000E1	1.343667E-1	8.634459E-2
2.660000E1	1.345258E-1	8.628960E-2
2.664000E1	1.342066E-1	8.632087E-2
2.668000E1	1.334051E-1	8.624078E-2
2.672000E1	1.321508E-1	8.622810E-2
2.676000E1	1.304121E-1	8.609171E-2
2.680000E1	1.283502E-1	8.612282E-2
2.684000E1	1.260487E-1	8.615280E-2
2.688000E1	1.236530E-1	8.613175E-2
2.692000E1	1.207906E-1	8.608937E-2
2.696000E1	1.178146E-1	8.610648E-2
2.700000E1	1.147759E-1	8.608245E-2
2.704000E1	1.115747E-1	8.618299E-2
2.708000E1	1.085055E-1	8.615883E-2
2.712000E1	1.055266E-1	8.628639E-2
2.716000E1	1.027134E-1	8.637988E-2
2.720000E1	1.003219E-1	8.640769E-2
2.724000E1	9.821890E-2	8.649696E-2
2.728000E1	9.641844E-2	8.676384E-2
2.732000E1	9.507559E-2	8.675791E-2
2.736000E1	9.422147E-2	8.684587E-2
2.740000E1	9.372493E-2	8.686105E-2
2.744000E1	9.352530E-2	8.682669E-2
2.748000E1	9.369798E-2	8.676436E-2
2.752000E1	9.437014E-2	8.669081E-2
2.756000E1	9.570147E-2	8.671418E-2
2.760000E1	9.741683E-2	8.662759E-2
2.764000E1	9.938087E-2	8.657443E-2
2.768000E1	1.016670E-1	8.645882E-2
2.772000E1	1.044081E-1	8.644741E-2
2.776000E1	1.071904E-1	8.629883E-2
2.780000E1	1.102217E-1	8.614043E-2
2.784000E1	1.133939E-1	8.615625E-2
2.788000E1	1.163440E-1	8.619293E-2
2.792000E1	1.193614E-1	8.620357E-2
2.796000E1	1.221505E-1	8.619742E-2
2.800000E1	1.247651E-1	8.618642E-2
2.804000E1	1.270582E-1	8.621851E-2
2.808000E1	1.291348E-1	8.622540E-2
2.812000E1	1.309215E-1	8.627311E-2
2.816000E1	1.321945E-1	8.633053E-2
2.820000E1	1.331758E-1	8.634524E-2
2.824000E1	1.338288E-1	8.633355E-2
2.828000E1	1.340453E-1	8.630701E-2
2.832000E1	1.339237E-1	8.630320E-2
2.836000E1	1.332848E-1	8.628192E-2
2.840000E1	1.323259E-1	8.619336E-2
2.844000E1	1.308782E-1	8.610563E-2
2.848000E1	1.290112E-1	8.618718E-2
2.852000E1	1.269951E-1	8.621640E-2
2.856000E1	1.245720E-1	8.617140E-2
2.860000E1	1.220405E-1	8.606320E-2
2.864000E1	1.192529E-1	8.610661E-2
2.868000E1	1.162481E-1	8.611321E-2
2.872000E1	1.132728E-1	8.621101E-2
2.876000E1	1.103470E-1	8.622119E-2
2.880000E1	1.074454E-1	8.629003E-2
2.884000E1	1.046805E-1	8.634005E-2
2.888000E1	1.021580E-1	8.636077E-2
2.892000E1	9.990436E-2	8.641597E-2
2.896000E1	9.802213E-2	8.649101E-2
2.900000E1	9.645014E-2	8.673534E-2
2.904000E1	9.535744E-2	8.666147E-2
2.908000E1	9.467746E-2	8.675026E-2
2.912000E1	9.440579E-2	8.677669E-2
2.916000E1	9.444127E-2	8.681351E-2
2.920000E1	9.502336E-2	8.670671E-2
2.924000E1	9.626691E-2	8.661974E-2
2.928000E1	9.788032E-2	8.657827E-2
2.932000E1	9.966277E-2	8.652547E-2
2.936000E1	1.018719E-1	8.650264E-2
2.940000E1	1.044843E-1	8.651854E-2
2.944000E1	1.070927E-1	8.637968E-2
2.948000E1	1.099397E-1	8.626157E-2
2.952000E1	1.129135E-1	8.611369E-2
2.956000E1	1.158655E-1	8.623994E-2
2.960000E1	1.187832E-1	8.616308E-2
2.964000E1	1.213946E-1	8.617049E-2
2.968000E1	1.239409E-1	8.614934E-2
2.972000E1	1.262532E-1	8.613509E-2
2.976000E1	1.282882E-1	8.623349E-2
2.980000E1	1.300057E-1	8.633787E-2
2.984000E1	1.313269E-1	8.634328E-2
2.988000E1	1.322768E-1	8.633161E-2
2.992000E1	1.327887E-1	8.636930E-2
2.996000E1	1.330384E-1	8.642331E-2
3.000000E1	1.330812E-1	8.635040E-2
3.004000E1	1.325517E-1	8.629586E-2
3.008000E1	1.316617E-1	8.629293E-2
3.012000E1	1.302533E-1	8.616230E-2
3.016000E1	1.284196E-1	8.612176E-2
3.020000E1	1.264496E-1	8.614022E-2
3.024000E1	1.241260E-1	8.604629E-2
3.028000E1	1.216269E-1	8.607808E-2
3.032000E1	1.189264E-1	8.617598E-2
3.036000E1	1.161748E-1	8.609070E-2
3.040000E1	1.133135E-1	8.620329E-2
3.044000E1	1.105125E-1	8.619906E-2
3.048000E1	1.077002E-1	8.631707E-2
3.052000E1	1.050817E-1	8.638728E-2
3.056000E1	1.026743E-1	8.642404E-2
3.060000E1	1.005261E-1	8.637466E-2
3.064000E1	9.866975E-2	8.643422E-2
3.068000E1	9.721279E-2	8.646662E-2
3.072000E1	9.618913E-2	8.656015E-2
3.076000E1	9.557229E-2	8.666589E-2
3.080000E1	9.526864E-2	8.668615E-2
3.084000E1	9.532162E-2	8.675994E-2
3.088000E1	9.567515E-2	8.673395E-2
3.092000E1	9.671087E-2	8.670392E-2
3.096000E1	9.808921E-2	8.654598E-2
3.100000E1	9.991733E-2	8.652399E-2
3.104000E1	1.020324E-1	8.649639E-2
3.108000E1	1.041998E-1	8.647145E-2
3.112000E1	1.068751E-1	8.641435E-2
3.116000E1	1.096719E-1	8.635601E-2
3.120000E1	1.123134E-1	8.620262E-2
3.124000E1	1.153006E-1	8.623703E-2
3.128000E1	1.180206E-1	8.618263E-2
3.132000E1	1.207146E-1	8.624319E-2
3.136000E1	1.231359E-1	8.623471E-2
3.140000E1	1.254424E-1	8.623526E-2
3.144000E1	1.274406E-1	8.622082E-2
3.148000E1	1.290605E-1	8.628467E-2
3.152000E1	1.303188E-1	8.623813E-2
3.156000E1	1.313498E-1	8.630088E-2
3.160000E1	1.320433E-1	8.634478E-2
3.164000E1	1.323298E-1	8.623800E-2
3.168000E1	1.322793E-1	8.633003E-2
3.172000E1	1.320360E-1	8.632603E-2
3.176000E1	1.312321E-1	8.628391E-2
3.180000E1	1.300317E-1	8.615981E-2
3.184000E1	1.284454E-1	8.606233E-2
3.188000E1	1.264954E-1	8.616414E-2
3.192000E1	1.243998E-1	8.606697E-2
3.196000E1	1.221027E-1	8.608981E-2
3.200000E1	1.195323E-1	8.605504E-2
3.204000E1	1.169270E-1	8.617890E-2
3.208000E1	1.140916E-1	8.618149E-2
3.212000E1	1.113290E-1	8.620032E-2
3.216000E1	1.087003E-1	8.632351E-2
3.220000E1	1.060030E-1	8.632200E-2
3.224000E1	1.036394E-1	8.628481E-2
3.228000E1	1.015219E-1	8.633025E-2
3.232000E1	9.962805E-2	8.635122E-2
3.236000E1	9.812544E-2	8.644865E-2
3.240000E1	9.708007E-2	8.643116E-2
3.244000E1	9.643367E-2	8.645058E-2
3.248000E1	9.606303E-2	8.642919E-2
3.252000E1	9.608557E-2	8.636688E-2
3.256000E1	9.636741E-2	8.635969E-2
3.260000E1	9.722956E-2	8.638048E-2
3.264000E1	9.855095E-2	8.633858E-2
3.268000E1	1.002558E-1	8.623593E-2
3.272000E1	1.021741E-1	8.611935E-2
3.276000E1	1.044421E-1	8.608866E-2
3.280000E1	1.067840E-1	8.608051E-2
3.284000E1	1.094932E-1	8.603681E-2
3.288000E1	1.121549E-1	8.608398E-2
3.292000E1	1.148540E-1	8.604277E-2
3.296000E1	1.174885E-1	8.613237E-2
3.300000E1	1.200924E-1	8.617883E-2
3.304000E1	1.224239E-1	8.619730E-2
3.308000E1	1.247189E-1	8.617950E-2
3.312000E1	1.266704E-1	8.620950E-2
3.316000E1	1.282291E-1	8.617826E-2
3.320000E1	1.295935E-1	8.627705E-2
3.324000E1	1.305795E-1	8.629340E-2
3.328000E1	1.312298E-1	8.628430E-2
3.332000E1	1.315280E-1	8.632466E-2
3.336000E1	1.315832E-1	8.630187E-2
3.340000E1	1.312588E-1	8.626316E-2
3.344000E1	1.302868E-1	8.620988E-2
3.348000E1	1.289917E-1	8.628208E-2
3.352000E1	1.274336E-1	8.614927E-2
3.356000E1	1.255577E-1	8.615975E-2
3.360000E1	1.234994E-1	8.619695E-2
3.364000E1	1.211255E-1	8.613544E-2
3.368000E1	1.186660E-1	8.611817E-2
3.372000E1	1.161239E-1	8.618794E-2
3.376000E1	1.134217E-1	8.626499E-2
3.380000E1	1.107345E-1	8.621504E-2
3.384000E1	1.081955E-1	8.619288E-2
3.388000E1	1.056765E-1	8.630123E-2
3.392000E1	1.035240E-1	8.631928E-2
3.396000E1	1.015374E-1	8.642620E-2
3.400000E1	9.988492E-2	8.641747E-2
3.404000E1	9.847651E-2	8.644320E-2
3.408000E1	9.760640E-2	8.638406E-2
3.412000E1	9.695387E-2	8.644970E-2
3.416000E1	9.663951E-2	8.644996E-2
3.420000E1	9.663011E-2	8.638751E-2
3.424000E1	9.690846E-2	8.633071E-2
3.428000E1	9.759026E-2	8.626211E-2
3.432000E1	9.883857E-2	8.634913E-2
3.436000E1	1.004116E-1	8.617559E-2
3.440000E1	1.020960E-1	8.624283E-2
3.444000E1	1.041428E-1	8.618703E-2
3.448000E1	1.063857E-1	8.601362E-2
3.452000E1	1.089122E-1	8.606735E-2
3.456000E1	1.115592E-1	8.599713E-2
3.460000E1	1.140894E-1	8.600597E-2
3.464000E1	1.167022E-1	8.603004E-2
3.468000E1	1.191083E-1	8.609120E-2
3.472000E1	1.213989E-1	8.619490E-2
3.476000E1	1.237447E-1	8.612905E-2
3.480000E1	1.255685E-1	8.617772E-2
3.484000E1	1.273264E-1	8.621407E-2
3.488000E1	1.286237E-1	8.631175E-2
3.492000E1	1.296447E-1	8.628648E-2
3.496000E1	1.303755E-1	8.626069E-2
3.500000E1	1.307069E-1	8.626021E-2
3.504000E1	1.307988E-1	8.620505E-2
3.508000E1	1.305831E-1	8.627921E-2
3.512000E1	1.299719E-1	8.620787E-2
3.516000E1	1.288532E-1	8.617711E-2
3.520000E1	1.274450E-1	8.615071E-2
3.524000E1	1.255002E-1	8.624634E-2
3.528000E1	1.236948E-1	8.619920E-2
3.532000E1	1.216141E-1	8.614733E-2
3.536000E1	1.193945E-1	8.615249E-2
3.540000E1	1.168923E-1	8.605677E-2
3.544000E1	1.144668E-1	8.617493E-2
3.548000E1	1.118335E-1	8.620131E-2
3.552000E1	1.095770E-1	8.625965E-2
3.556000E1	1.070111E-1	8.631075E-2
3.560000E1	1.047124E-1	8.633847E-2
3.564000E1	1.027633E-1	8.634598E-2
3.568000E1	1.009354E-1	8.652371E-2
3.572000E1	9.955148E-2	8.657402E-2
3.576000E1	9.835163E-2	8.668075E-2
3.580000E1	9.773602E-2	8.673409E-2
3.584000E1	9.739151E-2	8.675677E-2
3.588000E1	9.730803E-2	8.665767E-2
3.592000E1	9.758200E-2	8.660673E-2
3.596000E1	9.845704E-2	8.660070E-2
3.600000E1	9.978495E-2	8.663240E-2
3.604000E1	1.013058E-1	8.652477E-2
3.608000E1	1.032090E-1	8.649312E-2
3.612000E1	1.052920E-1	8.648926E-2
3.616000E1	1.076029E-1	8.642476E-2
3.620000E1	1.099680E-1	8.630644E-2
3.624000E1	1.123185E-1	8.624659E-2
3.628000E1	1.149471E-1	8.625357E-2
3.632000E1	1.173936E-1	8.613775E-2
3.636000E1	1.198465E-1	8.613277E-2
3.640000E1	1.219437E-1	8.624825E-2
3.644000E1	1.239515E-1	8.624504E-2
3.648000E1	1.257551E-1	8.622814E-2
3.652000E1	1.271070E-1	8.625159E-2
3.656000E1	1.282313E-1	8.625698E-2
3.660000E1	1.291784E-1	8.627174E-2
3.664000E1	1.297467E-1	8.624313E-2
3.668000E1	1.301136E-1	8.626240E-2
3.672000E1	1.301552E-1	8.625967E-2
3.676000E1	1.299860E-1	8.619220E-2
3.680000E1	1.292642E-1	8.621965E-2
3.684000E1	1.283402E-1	8.617439E-2
3.688000E1	1.270334E-1	8.622191E-2
3.692000E1	1.254807E-1	8.615461E-2
3.696000E1	1.235793E-1	8.627564E-2
3.700000E1	1.215842E-1	8.618640E-2
3.704000E1	1.194740E-1	8.613116E-2
3.708000E1	1.172103E-1	8.615445E-2
3.712000E1	1.147823E-1	8.613492E-2
3.716000E1	1.122407E-1	8.613192E-2
3.720000E1	1.097196E-1	8.627153E-2
3.724000E1	1.074014E-1	8.625286E-2
3.728000E1	1.053534E-1	8.634370E-2
3.732000E1	1.034212E-1	8.630359E-2
3.736000E1	1.016772E-1	8.638112E-2
3.740000E1	1.002471E-1	8.637311E-2
3.744000E1	9.925728E-2	8.643173E-2
3.748000E1	9.848139E-2	8.642192E-2
3.752000E1	9.805023E-2	8.641678E-2
3.756000E1	9.796525E-2	8.640495E-2
3.760000E1	9.823784E-2	8.630688E-2
3.764000E1	9.916241E-2	8.626654E-2
3.768000E1	1.005285E-1	8.629811E-2
3.772000E1	1.019176E-1	8.624480E-2
3.776000E1	1.036994E-1	8.620501E-2
3.780000E1	1.058299E-1	8.618933E-2
3.784000E1	1.080440E-1	8.610328E-2
3.788000E1	1.103616E-1	8.607898E-2
3.792000E1	1.126866E-1	8.606217E-2
3.796000E1	1.150274E-1	8.607899E-2
3.800000E1	1.173651E-1	8.612721E-2
3.804000E1	1.196887E-1	8.611493E-2
3.808000E1	1.216676E-1	8.613574E-2
3.812000E1	1.235719E-1	8.616617E-2
3.816000E1	1.252769E-1	8.621019E-2
3.820000E1	1.266089E-1	8.625434E-2
3.824000E1	1.276173E-1	8.631173E-2
3.828000E1	1.284806E-1	8.631046E-2
3.832000E1	1.291057E-1	8.620220E-2
3.836000E1	1.294255E-1	8.621422E-2
3.840000E1	1.294524E-1	8.622996E-2
3.844000E1	1.291356E-1	8.632580E-2
3.848000E1	1.285502E-1	8.623208E-2
3.852000E1	1.276723E-1	8.622240E-2
3.856000E1	1.263912E-1	8.610275E-2
3.860000E1	1.248508E-1	8.608789E-2
3.864000E1	1.230394E-1	8.611138E-2
3.868000E1	1.210987E-1	8.608565E-2
3.872000E1	1.190064E-1	8.613790E-2
3.876000E1	1.168298E-1	8.619180E-2
3.880000E1	1.145687E-1	8.628252E-2
3.884000E1	1.121394E-1	8.622027E-2
3.888000E1	1.097845E-1	8.632425E-2
3.892000E1	1.076633E-1	8.625095E-2
3.896000E1	1.055899E-1	8.624540E-2
3.900000E1	1.036872E-1	8.635273E-2
3.904000E1	1.020372E-1	8.637490E-2
3.908000E1	1.007549E-1	8.637827E-2
3.912000E1	9.971171E-2	8.635274E-2
3.916000E1	9.899999E-2	8.640412E-2
3.920000E1	9.859595E-2	8.632274E-2
3.924000E1	9.856047E-2	8.640397E-2
3.928000E1	9.874744E-2	8.637214E-2
3.932000E1	9.946952E-2	8.630999E-2
3.936000E1	1.005224E-1	8.630612E-2
3.940000E1	1.018986E-1	8.620678E-2
3.944000E1	1.035384E-1	8.613339E-2
3.948000E1	1.053408E-1	8.614685E-2
3.952000E1	1.075207E-1	8.609622E-2
3.956000E1	1.096749E-1	8.609757E-2
3.960000E1	1.118396E-1	8.615249E-2
3.964000E1	1.142364E-1	8.607727E-2
3.968000E1	1.164444E-1	8.612453E-2
3.972000E1	1.186545E-1	8.613060E-2
3.976000E1	1.207055E-1	8.615598E-2
3.980000E1	1.226005E-1	8.619244E-2
3.984000E1	1.241546E-1	8.617093E-2
3.988000E1	1.255810E-1	8.623761E-2
3.992000E1	1.267665E-1	8.619536E-2
3.996000E1	1.276031E-1	8.625654E-2
4.000000E1	1.281243E-1	8.624626E-2
4.004000E1	1.285208E-1	8.629661E-2
4.008000E1	1.286609E-1	8.625243E-2
4.012000E1	1.284472E-1	8.616273E-2
4.016000E1	1.277391E-1	8.622247E-2
4.020000E1	1.268100E-1	8.617977E-2
4.024000E1	1.254661E-1	8.623040E-2
4.028000E1	1.239500E-1	8.618053E-2
4.032000E1	1.223906E-1	8.604995E-2
4.036000E1	1.203225E-1	8.614644E-2
4.040000E1	1.182653E-1	8.611177E-2
4.044000E1	1.161162E-1	8.614360E-2
4.048000E1	1.138536E-1	8.619904E-2
4.052000E1	1.116742E-1	8.608971E-2
4.056000E1	1.093818E-1	8.630737E-2
4.060000E1	1.072675E-1	8.630306E-2
4.064000E1	1.054126E-1	8.634199E-2
4.068000E1	1.036757E-1	8.633698E-2
4.072000E1	1.022129E-1	8.641949E-2
4.076000E1	1.011223E-1	8.635318E-2
4.080000E1	1.001836E-1	8.639075E-2
4.084000E1	9.966595E-2	8.640632E-2
4.088000E1	9.936639E-2	8.637093E-2
4.092000E1	9.924159E-2	8.631618E-2
4.096000E1	9.941971E-2	8.633059E-2
4.100000E1	9.987366E-2	8.629681E-2
4.104000E1	1.006338E-1	8.628073E-2
4.108000E1	1.020267E-1	8.625418E-2
4.112000E1	1.035080E-1	8.623309E-2
4.116000E1	1.052803E-1	8.610354E-2
4.120000E1	1.071852E-1	8.604293E-2
4.124000E1	1.093470E-1	8.613633E-2
4.128000E1	1.115278E-1	8.612886E-2
4.132000E1	1.136734E-1	8.608950E-2
4.136000E1	1.157251E-1	8.601102E-2
4.140000E1	1.178234E-1	8.602459E-2
4.144000E1	1.197735E-1	8.607240E-2
4.148000E1	1.215335E-1	8.624878E-2
4.152000E1	1.232637E-1	8.618662E-2
4.156000E1	1.246857E-1	8.618026E-2
4.160000E1	1.258750E-1	8.618582E-2
4.164000E1	1.267157E-1	8.620289E-2
4.168000E1	1.274994E-1	8.625556E-2
4.172000E1	1.278379E-1	8.620497E-2
4.176000E1	1.279006E-1	8.616484E-2
4.180000E1	1.277252E-1	8.622144E-2
4.184000E1	1.272885E-1	8.623320E-2
4.188000E1	1.263092E-1	8.619888E-2
4.192000E1	1.251601E-1	8.612615E-2
4.196000E1	1.236492E-1	8.621792E-2
4.200000E1	1.220051E-1	8.619677E-2
4.204000E1	1.202057E-1	8.611153E-2
4.208000E1	1.182050E-1	8.611607E-2
4.212000E1	1.161646E-1	8.611324E-2
4.216000E1	1.141834E-1	8.604398E-2
4.220000E1	1.119321E-1	8.613003E-2
4.224000E1	1.097761E-1	8.646771E-2
4.228000E1	1.078270E-1	8.648881E-2
4.232000E1	1.058550E-1	8.647231E-2
4.236000E1	1.041845E-1	8.661474E-2
4.240000E1	1.028054E-1	8.666462E-2
4.244000E1	1.017368E-1	8.666161E-2
4.248000E1	1.008087E-1	8.675653E-2
4.252000E1	1.002429E-1	8.668078E-2
4.256000E1	9.993345E-2	8.675328E-2
4.260000E1	9.986979E-2	8.673001E-2
4.264000E1	1.000954E-1	8.664243E-2
4.268000E1	1.008574E-1	8.666373E-2
4.272000E1	1.019605E-1	8.652243E-2
4.276000E1	1.033008E-1	8.650204E-2
4.280000E1	1.049260E-1	8.650777E-2
4.284000E1	1.067386E-1	8.648160E-2
4.288000E1	1.087402E-1	8.637280E-2
4.292000E1	1.108053E-1	8.636984E-2
4.296000E1	1.129304E-1	8.626636E-2
4.300000E1	1.150035E-1	8.631608E-2
4.304000E1	1.170262E-1	8.620871E-2
4.308000E1	1.189826E-1	8.623036E-2
4.312000E1	1.209394E-1	8.632980E-2
4.316000E1	1.223850E-1	8.620953E-2
4.320000E1	1.239640E-1	8.637510E-2
4.324000E1	1.251424E-1	8.627342E-2
4.328000E1	1.259946E-1	8.626884E-2
4.332000E1	1.267622E-1	8.625903E-2
4.336000E1	1.271612E-1	8.626915E-2
4.340000E1	1.274080E-1	8.617486E-2
4.344000E1	1.273787E-1	8.615300E-2
4.348000E1	1.270772E-1	8.622540E-2
4.352000E1	1.266610E-1	8.614689E-2
4.356000E1	1.257256E-1	8.617468E-2
4.360000E1	1.245107E-1	8.618208E-2
4.364000E1	1.231564E-1	8.614570E-2
4.368000E1	1.215541E-1	8.617586E-2
4.372000E1	1.198856E-1	8.620864E-2
4.376000E1	1.180068E-1	8.614157E-2
4.380000E1	1.160317E-1	8.613491E-2
4.384000E1	1.139002E-1	8.619102E-2
4.388000E1	1.118716E-1	8.618397E-2
4.392000E1	1.098752E-1	8.625485E-2
4.396000E1	1.078793E-1	8.626305E-2
4.400000E1	1.061435E-1	8.617148E-2
4.404000E1	1.045660E-1	8.632126E-2
4.408000E1	1.030881E-1	8.635471E-2
4.412000E1	1.019167E-1	8.639943E-2
4.416000E1	1.011561E-1	8.632676E-2
4.420000E1	1.007347E-1	8.632889E-2
4.424000E1	1.005669E-1	8.635760E-2
4.428000E1	1.004820E-1	8.635270E-2
4.432000E1	1.007960E-1	8.630458E-2
4.436000E1	1.015283E-1	8.627114E-2
4.440000E1	1.025799E-1	8.618990E-2
4.444000E1	1.039938E-1	8.620348E-2
4.448000E1	1.054995E-1	8.616783E-2
4.452000E1	1.072183E-1	8.613892E-2
4.456000E1	1.091857E-1	8.607811E-2
4.460000E1	1.111505E-1	8.614229E-2
4.464000E1	1.131158E-1	8.606350E-2
4.468000E1	1.150380E-1	8.613292E-2
4.472000E1	1.169834E-1	8.613651E-2
4.476000E1	1.189231E-1	8.615876E-2
4.480000E1	1.205641E-1	8.622262E-2
4.484000E1	1.221554E-1	8.615934E-2
4.488000E1	1.235049E-1	8.617691E-2
4.492000E1	1.246008E-1	8.618219E-2
4.496000E1	1.255224E-1	8.624888E-2
4.500000E1	1.261509E-1	8.622932E-2
4.504000E1	1.264702E-1	8.628128E-2
4.508000E1	1.266046E-1	8.624852E-2
4.512000E1	1.264668E-1	8.625166E-2
4.516000E1	1.261862E-1	8.615773E-2
4.520000E1	1.255709E-1	8.619601E-2
4.524000E1	1.245785E-1	8.618039E-2
4.528000E1	1.232391E-1	8.609283E-2
4.532000E1	1.217907E-1	8.610270E-2
4.536000E1	1.201549E-1	8.617917E-2
4.540000E1	1.183780E-1	8.620999E-2
4.544000E1	1.165496E-1	8.617585E-2
4.548000E1	1.145586E-1	8.624678E-2
4.552000E1	1.126458E-1	8.623627E-2
4.556000E1	1.106340E-1	8.624679E-2
4.560000E1	1.087392E-1	8.621743E-2
4.564000E1	1.070148E-1	8.623649E-2
4.568000E1	1.053783E-1	8.631890E-2
4.572000E1	1.040157E-1	8.628463E-2
4.576000E1	1.028687E-1	8.633761E-2
4.580000E1	1.019951E-1	8.631398E-2
4.584000E1	1.013543E-1	8.637829E-2
4.588000E1	1.010353E-1	8.638461E-2
4.592000E1	1.008996E-1	8.631373E-2
4.596000E1	1.011264E-1	8.626978E-2
4.600000E1	1.017059E-1	8.619653E-2
4.604000E1	1.027024E-1	8.622209E-2
4.608000E1	1.038749E-1	8.623223E-2
4.612000E1	1.051466E-1	8.618010E-2
4.616000E1	1.067157E-1	8.621996E-2
4.620000E1	1.083775E-1	8.614804E-2
4.624000E1	1.103751E-1	8.612141E-2
4.628000E1	1.122777E-1	8.613908E-2
4.632000E1	1.142976E-1	8.612462E-2
4.636000E1	1.161778E-1	8.614788E-2
4.640000E1	1.178906E-1	8.615002E-2
4.644000E1	1.195920E-1	8.622660E-2
4.648000E1	1.211535E-1	8.615838E-2
4.652000E1	1.224009E-1	8.621712E-2
4.656000E1	1.236700E-1	8.615465E-2
4.660000E1	1.245831E-1	8.620797E-2
4.664000E1	1.253329E-1	8.619219E-2
4.668000E1	1.257329E-1	8.621292E-2
4.672000E1	1.260009E-1	8.624354E-2
4.676000E1	1.260603E-1	8.621801E-2
4.680000E1	1.257731E-1	8.620843E-2
4.684000E1	1.250972E-1	8.621297E-2
4.688000E1	1.241458E-1	8.615422E-2
4.692000E1	1.230706E-1	8.617551E-2
4.696000E1	1.218382E-1	8.606085E-2
4.700000E1	1.201583E-1	8.609523E-2
4.704000E1	1.185446E-1	8.614233E-2
4.708000E1	1.167674E-1	8.613083E-2
4.712000E1	1.148660E-1	8.620148E-2
4.716000E1	1.130387E-1	8.622772E-2
4.720000E1	1.111652E-1	8.614870E-2
4.724000E1	1.092645E-1	8.626028E-2
4.728000E1	1.076092E-1	8.625751E-2
4.732000E1	1.058877E-1	8.632171E-2
4.736000E1	1.046841E-1	8.626235E-2
4.740000E1	1.036060E-1	8.629334E-2
4.744000E1	1.026295E-1	8.644182E-2
4.748000E1	1.020356E-1	8.640780E-2
4.752000E1	1.017044E-1	8.639230E-2
4.756000E1	1.016326E-1	8.635253E-2
4.760000E1	1.017317E-1	8.627377E-2
4.764000E1	1.020856E-1	8.628227E-2
4.768000E1	1.027419E-1	8.632370E-2
4.772000E1	1.037882E-1	8.626547E-2
4.776000E1	1.050203E-1	8.622832E-2
4.780000E1	1.063487E-1	8.613093E-2
4.784000E1	1.079840E-1	8.619053E-2
4.788000E1	1.097462E-1	8.611449E-2
4.792000E1	1.115479E-1	8.613807E-2
4.796000E1	1.133383E-1	8.605471E-2
4.800000E1	1.153070E-1	8.604365E-2
4.804000E1	1.170720E-1	8.613976E-2
4.808000E1	1.186860E-1	8.617234E-2
4.812000E1	1.201252E-1	8.609973E-2
4.816000E1	1.214796E-1	8.622849E-2
4.820000E1	1.226731E-1	8.617816E-2
4.824000E1	1.237379E-1	8.620324E-2
4.828000E1	1.244982E-1	8.623534E-2
4.832000E1	1.250005E-1	8.624025E-2
4.836000E1	1.253641E-1	8.616187E-2
4.840000E1	1.253991E-1	8.617844E-2
4.844000E1	1.252007E-1	8.617096E-2
4.848000E1	1.247792E-1	8.618759E-2
4.852000E1	1.240228E-1	8.619410E-2
4.856000E1	1.230296E-1	8.617753E-2
4.860000E1	1.219195E-1	8.626012E-2
4.864000E1	1.204984E-1	8.622074E-2
4.868000E1	1.189951E-1	8.614308E-2
4.872000E1	1.174203E-1	8.612050E-2
4.876000E1	1.158304E-1	8.616038E-2
4.880000E1	1.139943E-1	8.617063E-2
4.884000E1	1.121761E-1	8.616700E-2
4.888000E1	1.103433E-1	8.622541E-2
4.892000E1	1.087699E-1	8.620891E-2
4.896000E1	1.072259E-1	8.634852E-2
4.900000E1	1.058579E-1	8.635989E-2
4.904000E1	1.047396E-1	8.636568E-2
4.908000E1	1.038640E-1	8.633307E-2
4.912000E1	1.030508E-1	8.623833E-2
4.916000E1	1.026441E-1	8.625991E-2
4.920000E1	1.024368E-1	8.631377E-2
4.924000E1	1.023594E-1	8.632584E-2
4.928000E1	1.025421E-1	8.640944E-2
4.932000E1	1.029703E-1	8.630585E-2
4.936000E1	1.037833E-1	8.627369E-2
4.940000E1	1.048720E-1	8.622179E-2
4.944000E1	1.061090E-1	8.627978E-2
4.948000E1	1.075133E-1	8.620056E-2
4.952000E1	1.090433E-1	8.615669E-2
4.956000E1	1.107655E-1	8.616937E-2
4.960000E1	1.125347E-1	8.609613E-2
4.964000E1	1.142093E-1	8.609328E-2
4.968000E1	1.158772E-1	8.613404E-2
4.972000E1	1.175348E-1	8.612772E-2
4.976000E1	1.190838E-1	8.613987E-2
4.980000E1	1.203918E-1	8.616928E-2
4.984000E1	1.217064E-1	8.611241E-2
4.988000E1	1.226342E-1	8.612664E-2
4.992000E1	1.234828E-1	8.615906E-2
4.996000E1	1.241581E-1	8.626829E-2
5.000000E1	1.245726E-1	8.623697E-2
5.004000E1	1.248541E-1	8.617480E-2
5.008000E1	1.248085E-1	8.622746E-2
5.012000E1	1.245651E-1	8.626584E-2
5.016000E1	1.242280E-1	8.618491E-2
5.020000E1	1.235033E-1	8.618932E-2
5.024000E1	1.225918E-1	8.617852E-2
5.028000E1	1.214897E-1	8.624780E-2
5.032000E1	1.201468E-1	8.619369E-2
5.036000E1	1.187060E-1	8.609444E-2
5.040000E1	1.171683E-1	8.618078E-2
5.044000E1	1.155240E-1	8.613980E-2
5.048000E1	1.137881E-1	8.621396E-2
5.052000E1	1.121752E-1	8.621339E-2
5.056000E1	1.104831E-1	8.623408E-2
5.060000E1	1.088253E-1	8.627724E-2
5.064000E1	1.073759E-1	8.627425E-2
5.068000E1	1.061359E-1	8.615433E-2
5.072000E1	1.049991E-1	8.627360E-2
5.076000E1	1.041053E-1	8.630724E-2
5.080000E1	1.034037E-1	8.629801E-2
5.084000E1	1.029062E-1	8.634103E-2
5.088000E1	1.027866E-1	8.629537E-2
5.092000E1	1.027094E-1	8.627346E-2
5.096000E1	1.029185E-1	8.625753E-2
5.100000E1	1.033320E-1	8.625306E-2
5.104000E1	1.040300E-1	8.625544E-2
5.108000E1	1.050573E-1	8.620034E-2
5.112000E1	1.062532E-1	8.619499E-2
5.116000E1	1.076795E-1	8.609484E-2
5.120000E1	1.092029E-1	8.616706E-2
5.124000E1	1.107405E-1	8.614044E-2
5.128000E1	1.123722E-1	8.607258E-2
5.132000E1	1.141132E-1	8.611997E-2
5.136000E1	1.157890E-1	8.614128E-2
5.140000E1	1.171458E-1	8.615564E-2
5.144000E1	1.184958E-1	8.618544E-2
5.148000E1	1.200495E-1	8.615069E-2
5.152000E1	1.210611E-1	8.614646E-2
5.156000E1	1.219921E-1	8.622264E-2
5.160000E1	1.228376E-1	8.612639E-2
5.164000E1	1.233150E-1	8.614197E-2
5.168000E1	1.236943E-1	8.619547E-2
5.172000E1	1.239945E-1	8.628745E-2
5.176000E1	1.240710E-1	8.620801E-2
5.180000E1	1.239574E-1	8.618210E-2
5.184000E1	1.235016E-1	8.618621E-2
5.188000E1	1.228691E-1	8.611879E-2
5.192000E1	1.219367E-1	8.615756E-2
5.196000E1	1.209227E-1	8.624401E-2
5.200000E1	1.196640E-1	8.621116E-2
5.204000E1	1.182557E-1	8.621712E-2
5.208000E1	1.167858E-1	8.614296E-2
5.212000E1	1.151341E-1	8.615393E-2
5.216000E1	1.135266E-1	8.616704E-2
5.220000E1	1.118974E-1	8.620831E-2
5.224000E1	1.103187E-1	8.631777E-2
5.228000E1	1.089049E-1	8.625722E-2
5.232000E1	1.076550E-1	8.621059E-2
5.236000E1	1.063799E-1	8.630981E-2
5.240000E1	1.054005E-1	8.631775E-2
5.244000E1	1.045220E-1	8.630244E-2
5.248000E1	1.038984E-1	8.635309E-2
5.252000E1	1.034626E-1	8.631253E-2
5.256000E1	1.031745E-1	8.627533E-2
5.260000E1	1.032988E-1	8.628952E-2
5.264000E1	1.036738E-1	8.624298E-2
5.268000E1	1.042259E-1	8.620390E-2
5.272000E1	1.051243E-1	8.620865E-2
5.276000E1	1.060794E-1	8.618682E-2
5.280000E1	1.072618E-1	8.616054E-2
5.284000E1	1.087836E-1	8.615660E-2
5.288000E1	1.102348E-1	8.619458E-2
5.292000E1	1.118019E-1	8.608860E-2
5.296000E1	1.135224E-1	8.608918E-2
5.300000E1	1.149834E-1	8.609181E-2
5.304000E1	1.164736E-1	8.617924E-2
5.308000E1	1.178415E-1	8.618072E-2
5.312000E1	1.191347E-1	8.609921E-2
5.316000E1	1.202764E-1	8.614994E-2
5.320000E1	1.211923E-1	8.607379E-2
5.324000E1	1.220888E-1	8.616876E-2
5.328000E1	1.226896E-1	8.612431E-2
5.332000E1	1.230727E-1	8.622918E-2
5.336000E1	1.234090E-1	8.626249E-2
5.340000E1	1.235469E-1	8.625250E-2
5.344000E1	1.235067E-1	8.621608E-2
5.348000E1	1.233226E-1	8.616970E-2
5.352000E1	1.227624E-1	8.613671E-2
5.356000E1	1.219503E-1	8.625649E-2
5.360000E1	1.210576E-1	8.617655E-2
5.364000E1	1.199937E-1	8.613011E-2
5.368000E1	1.187954E-1	8.609542E-2
5.372000E1	1.173998E-1	8.610817E-2
5.376000E1	1.159737E-1	8.617701E-2
5.380000E1	1.144152E-1	8.619744E-2
5.384000E1	1.129666E-1	8.611577E-2
5.388000E1	1.113829E-1	8.628911E-2
5.392000E1	1.100423E-1	8.622277E-2
5.396000E1	1.085636E-1	8.629685E-2
5.400000E1	1.072214E-1	8.638786E-2
5.404000E1	1.062371E-1	8.629394E-2
5.408000E1	1.054503E-1	8.629625E-2
5.412000E1	1.048017E-1	8.630506E-2
5.416000E1	1.043821E-1	8.630580E-2
5.420000E1	1.041476E-1	8.628443E-2
5.424000E1	1.040838E-1	8.627204E-2
5.428000E1	1.039749E-1	8.632178E-2
5.432000E1	1.042305E-1	8.627165E-2
5.436000E1	1.047186E-1	8.624161E-2
5.440000E1	1.053811E-1	8.623595E-2
5.444000E1	1.063068E-1	8.623720E-2
5.448000E1	1.074467E-1	8.612086E-2
5.452000E1	1.087443E-1	8.615115E-2
5.456000E1	1.101342E-1	8.603567E-2
5.460000E1	1.115071E-1	8.612507E-2
5.464000E1	1.129987E-1	8.619755E-2
5.468000E1	1.145027E-1	8.612503E-2
5.472000E1	1.159359E-1	8.617365E-2
5.476000E1	1.172670E-1	8.613106E-2
5.480000E1	1.183665E-1	8.616006E-2
5.484000E1	1.195223E-1	8.614978E-2
5.488000E1	1.205975E-1	8.618516E-2
5.492000E1	1.213940E-1	8.617544E-2
5.496000E1	1.219942E-1	8.617797E-2
5.500000E1	1.224725E-1	8.615789E-2
5.504000E1	1.227893E-1	8.614608E-2
5.508000E1	1.229183E-1	8.620522E-2
5.512000E1	1.229917E-1	8.627574E-2
5.516000E1	1.229305E-1	8.622873E-2
5.520000E1	1.225586E-1	8.613157E-2
5.524000E1	1.220823E-1	8.614000E-2
5.528000E1	1.212258E-1	8.615048E-2
5.532000E1	1.202760E-1	8.607825E-2
5.536000E1	1.191302E-1	8.614383E-2
5.540000E1	1.180231E-1	8.609777E-2
5.544000E1	1.167601E-1	8.616225E-2
5.548000E1	1.153227E-1	8.619733E-2
5.552000E1	1.139495E-1	8.617876E-2
5.556000E1	1.124498E-1	8.622215E-2
5.560000E1	1.110737E-1	8.617555E-2
5.564000E1	1.096917E-1	8.628983E-2
5.568000E1	1.084918E-1	8.629927E-2
5.572000E1	1.073381E-1	8.623576E-2
5.576000E1	1.064177E-1	8.630994E-2
5.580000E1	1.055914E-1	8.627827E-2
5.584000E1	1.050832E-1	8.624238E-2
5.588000E1	1.046466E-1	8.625551E-2
5.592000E1	1.044381E-1	8.625443E-2
5.596000E1	1.044399E-1	8.627720E-2
5.600000E1	1.046782E-1	8.623347E-2
5.604000E1	1.053228E-1	8.610987E-2
5.608000E1	1.061821E-1	8.619358E-2
5.612000E1	1.072683E-1	8.620729E-2
5.616000E1	1.083500E-1	8.627017E-2
5.620000E1	1.096226E-1	8.614908E-2
5.624000E1	1.108224E-1	8.620897E-2
5.628000E1	1.123547E-1	8.612990E-2
5.632000E1	1.136937E-1	8.608221E-2
5.636000E1	1.151290E-1	8.611057E-2
5.640000E1	1.163346E-1	8.612279E-2
5.644000E1	1.176719E-1	8.614610E-2
5.648000E1	1.187229E-1	8.609140E-2
5.652000E1	1.196495E-1	8.616336E-2
5.656000E1	1.204617E-1	8.623245E-2
5.660000E1	1.211793E-1	8.617248E-2
5.664000E1	1.216891E-1	8.609972E-2
5.668000E1	1.218837E-1	8.608012E-2
5.672000E1	1.219860E-1	8.624212E-2
5.676000E1	1.220205E-1	8.625175E-2
5.680000E1	1.218871E-1	8.626795E-2
5.684000E1	1.215503E-1	8.619986E-2
5.688000E1	1.208006E-1	8.617417E-2
5.692000E1	1.199390E-1	8.616874E-2
5.696000E1	1.189849E-1	8.612478E-2
5.700000E1	1.178870E-1	8.624804E-2
5.704000E1	1.166775E-1	8.612136E-2
5.708000E1	1.155086E-1	8.610298E-2
5.712000E1	1.141067E-1	8.607738E-2
5.716000E1	1.127401E-1	8.611536E-2
5.720000E1	1.113699E-1	8.621203E-2
5.724000E1	1.100741E-1	8.627263E-2
5.728000E1	1.089475E-1	8.627061E-2
5.732000E1	1.077539E-1	8.626392E-2
5.736000E1	1.068624E-1	8.614724E-2
5.740000E1	1.061324E-1	8.629363E-2
5.744000E1	1.056860E-1	8.627207E-2
5.748000E1	1.052825E-1	8.629272E-2
5.752000E1	1.050588E-1	8.631273E-2
5.756000E1	1.049981E-1	8.624717E-2
5.760000E1	1.051315E-1	8.613644E-2
5.764000E1	1.055096E-1	8.619861E-2
5.768000E1	1.060739E-1	8.619423E-2
5.772000E1	1.069354E-1	8.620162E-2
5.776000E1	1.079047E-1	8.623623E-2
5.780000E1	1.091323E-1	8.617467E-2
5.784000E1	1.103475E-1	8.620549E-2
5.788000E1	1.117780E-1	8.618382E-2
5.792000E1	1.130206E-1	8.616201E-2
5.796000E1	1.142692E-1	8.610470E-2
5.800000E1	1.154912E-1	8.615488E-2
5.804000E1	1.167057E-1	8.607286E-2
5.808000E1	1.177611E-1	8.606298E-2
5.812000E1	1.185877E-1	8.614937E-2
5.816000E1	1.195442E-1	8.620224E-2
5.820000E1	1.202762E-1	8.614041E-2
5.824000E1	1.207103E-1	8.616532E-2
5.828000E1	1.211324E-1	8.626643E-2
5.832000E1	1.213622E-1	8.616392E-2
5.836000E1	1.212930E-1	8.616875E-2
5.840000E1	1.210717E-1	8.620281E-2
5.844000E1	1.207403E-1	8.617942E-2
5.848000E1	1.200701E-1	8.621941E-2
5.852000E1	1.192025E-1	8.610359E-2
5.856000E1	1.182592E-1	8.608812E-2
5.860000E1	1.171952E-1	8.613073E-2
5.864000E1	1.160075E-1	8.622505E-2
5.868000E1	1.149469E-1	8.626940E-2
5.872000E1	1.137609E-1	8.609821E-2
5.876000E1	1.122711E-1	8.624864E-2
5.880000E1	1.111012E-1	8.614918E-2
5.884000E1	1.099086E-1	8.621129E-2
5.888000E1	1.089075E-1	8.623559E-2
5.892000E1	1.079078E-1	8.623688E-2
5.896000E1	1.070468E-1	8.622319E-2
5.900000E1	1.064252E-1	8.627426E-2
5.904000E1	1.059943E-1	8.623929E-2
5.908000E1	1.056686E-1	8.627699E-2
5.912000E1	1.055720E-1	8.623719E-2
5.916000E1	1.055799E-1	8.619997E-2
5.920000E1	1.057118E-1	8.621362E-2
5.924000E1	1.061439E-1	8.624568E-2
5.928000E1	1.068804E-1	8.625378E-2
5.932000E1	1.078873E-1	8.620199E-2
5.936000E1	1.089630E-1	8.620461E-2
5.940000E1	1.099857E-1	8.620830E-2
5.944000E1	1.111703E-1	8.611082E-2
5.948000E1	1.123725E-1	8.625413E-2
5.952000E1	1.137413E-1	8.612952E-2
5.956000E1	1.148413E-1	8.615723E-2
5.960000E1	1.159443E-1	8.615305E-2
5.964000E1	1.170412E-1	8.613355E-2
5.968000E1	1.179369E-1	8.617877E-2
5.972000E1	1.188932E-1	8.619673E-2
5.976000E1	1.195707E-1	8.622271E-2
5.980000E1	1.201718E-1	8.619074E-2
5.984000E1	1.205772E-1	8.614463E-2
5.988000E1	1.209150E-1	8.621155E-2
5.992000E1	1.210650E-1	8.618293E-2
5.996000E1	1.209798E-1	8.619596E-2
6.000000E1	1.207172E-1	8.612954E-2
6.004000E1	1.201147E-1	8.616833E-2
6.008000E1	1.194348E-1	8.620412E-2
6.012000E1	1.186547E-1	8.614434E-2
6.016000E1	1.177248E-1	8.612695E-2
6.020000E1	1.167859E-1	8.608320E-2
6.024000E1	1.156915E-1	8.615273E-2
6.028000E1	1.144192E-1	8.616213E-2
6.032000E1	1.133205E-1	8.617448E-2
6.036000E1	1.120446E-1	8.618418E-2
6.040000E1	1.109250E-1	8.628041E-2
6.044000E1	1.098633E-1	8.625393E-2
6.048000E1	1.088402E-1	8.614962E-2
6.052000E1	1.080042E-1	8.619381E-2
6.056000E1	1.072472E-1	8.622978E-2
6.060000E1	1.067859E-1	8.626431E-2
6.064000E1	1.064405E-1	8.629496E-2
6.068000E1	1.061671E-1	8.622744E-2
6.072000E1	1.060794E-1	8.628909E-2
6.076000E1	1.062400E-1	8.628299E-2
6.080000E1	1.067116E-1	8.623361E-2
6.084000E1	1.074212E-1	8.623414E-2
6.088000E1	1.081884E-1	8.618090E-2
6.092000E1	1.091843E-1	8.610873E-2
6.096000E1	1.102156E-1	8.611123E-2
6.100000E1	1.111802E-1	8.613020E-2
6.104000E1	1.122515E-1	8.610233E-2
6.108000E1	1.133126E-1	8.610544E-2
6.112000E1	1.146823E-1	8.610829E-2
6.116000E1	1.156512E-1	8.613092E-2
6.120000E1	1.165219E-1	8.619307E-2
6.124000E1	1.174326E-1	8.614597E-2
6.128000E1	1.181504E-1	8.611677E-2
6.132000E1	1.189155E-1	8.620617E-2
6.136000E1	1.195433E-1	8.618147E-2
6.140000E1	1.199800E-1	8.619663E-2
6.144000E1	1.202337E-1	8.613876E-2
6.148000E1	1.203972E-1	8.622762E-2
6.152000E1	1.204071E-1	8.622831E-2
6.156000E1	1.202492E-1	8.615699E-2
6.160000E1	1.198730E-1	8.623830E-2
6.164000E1	1.192989E-1	8.618763E-2
6.168000E1	1.186015E-1	8.614302E-2
6.172000E1	1.179045E-1	8.622415E-2
6.176000E1	1.169605E-1	8.619238E-2
6.180000E1	1.160263E-1	8.610125E-2
6.184000E1	1.148996E-1	8.618697E-2
6.188000E1	1.138625E-1	8.623269E-2
6.192000E1	1.128445E-1	8.619860E-2
6.196000E1	1.118047E-1	8.617829E-2
6.200000E1	1.107804E-1	8.620141E-2
6.204000E1	1.098257E-1	8.624405E-2
6.208000E1	1.089703E-1	8.617880E-2
6.212000E1	1.080990E-1	8.625386E-2
6.216000E1	1.075024E-1	8.626075E-2
6.220000E1	1.070226E-1	8.630781E-2
6.224000E1	1.067587E-1	8.627165E-2
6.228000E1	1.066441E-1	8.621166E-2
6.232000E1	1.065971E-1	8.617937E-2
6.236000E1	1.067072E-1	8.625765E-2
6.240000E1	1.070159E-1	8.627449E-2
6.244000E1	1.075432E-1	8.620441E-2
6.248000E1	1.082433E-1	8.614295E-2
6.252000E1	1.092326E-1	8.611494E-2
6.256000E1	1.101168E-1	8.610281E-2
6.260000E1	1.111657E-1	8.616632E-2
6.264000E1	1.121065E-1	8.613836E-2
6.268000E1	1.130990E-1	8.602387E-2
6.272000E1	1.141598E-1	8.608818E-2
6.276000E1	1.151770E-1	8.611387E-2
6.280000E1	1.160546E-1	8.618929E-2
6.284000E1	1.169380E-1	8.624711E-2
6.288000E1	1.176642E-1	8.616522E-2
6.292000E1	1.182986E-1	8.613724E-2
6.296000E1	1.188913E-1	8.615745E-2
6.300000E1	1.192904E-1	8.609968E-2
6.304000E1	1.196882E-1	8.616710E-2
6.308000E1	1.198750E-1	8.627242E-2
6.312000E1	1.199025E-1	8.630174E-2
6.316000E1	1.198929E-1	8.627508E-2
6.320000E1	1.196766E-1	8.616630E-2
6.324000E1	1.192698E-1	8.614683E-2
6.328000E1	1.188114E-1	8.610159E-2
6.332000E1	1.180988E-1	8.611770E-2
6.336000E1	1.172860E-1	8.608839E-2
6.340000E1	1.164341E-1	8.618180E-2
6.344000E1	1.156194E-1	8.616396E-2
6.348000E1	1.147220E-1	8.613510E-2
6.352000E1	1.136382E-1	8.615160E-2
6.356000E1	1.125319E-1	8.614475E-2
6.360000E1	1.115221E-1	8.622236E-2
6.364000E1	1.105672E-1	8.631123E-2
6.368000E1	1.096883E-1	8.626486E-2
6.372000E1	1.087834E-1	8.630412E-2
6.376000E1	1.081825E-1	8.614658E-2
6.380000E1	1.075740E-1	8.621710E-2
6.384000E1	1.071948E-1	8.625724E-2
6.388000E1	1.069717E-1	8.622290E-2
6.392000E1	1.069880E-1	8.616686E-2
6.396000E1	1.070798E-1	8.621291E-2
6.400000E1	1.075331E-1	8.613399E-2
6.404000E1	1.080140E-1	8.615437E-2
6.408000E1	1.087845E-1	8.614343E-2
6.412000E1	1.096781E-1	8.613178E-2
6.416000E1	1.104773E-1	8.617309E-2
6.420000E1	1.114739E-1	8.615429E-2
6.424000E1	1.123788E-1	8.621749E-2
6.428000E1	1.134545E-1	8.623598E-2
6.432000E1	1.144613E-1	8.619042E-2
6.436000E1	1.154034E-1	8.619130E-2
6.440000E1	1.162166E-1	8.614301E-2
6.444000E1	1.169132E-1	8.617052E-2
6.448000E1	1.176655E-1	8.616046E-2
6.452000E1	1.181675E-1	8.617299E-2
6.456000E1	1.186203E-1	8.617194E-2
6.460000E1	1.189225E-1	8.617466E-2
6.464000E1	1.191638E-1	8.617781E-2
6.468000E1	1.192798E-1	8.610094E-2
6.472000E1	1.193215E-1	8.606990E-2
6.476000E1	1.192394E-1	8.616052E-2
6.480000E1	1.190341E-1	8.618210E-2
6.484000E1	1.188168E-1	8.615361E-2
6.488000E1	1.183506E-1	8.621659E-2
6.492000E1	1.178841E-1	8.619593E-2
6.496000E1	1.172535E-1	8.609932E-2
6.500000E1	1.164858E-1	8.616686E-2
6.504000E1	1.158061E-1	8.618168E-2
6.508000E1	1.149225E-1	8.614986E-2
6.512000E1	1.140262E-1	8.616379E-2
6.516000E1	1.130199E-1	8.622102E-2
6.520000E1	1.121381E-1	8.622382E-2
6.524000E1	1.111187E-1	8.622128E-2
6.528000E1	1.101611E-1	8.615609E-2
6.532000E1	1.096217E-1	8.624810E-2
6.536000E1	1.087787E-1	8.624316E-2
6.540000E1	1.081713E-1	8.616093E-2
6.544000E1	1.077533E-1	8.622437E-2
6.548000E1	1.074099E-1	8.626494E-2
6.552000E1	1.073051E-1	8.625149E-2
6.556000E1	1.074333E-1	8.626930E-2
6.560000E1	1.077366E-1	8.626041E-2
6.564000E1	1.082106E-1	8.620706E-2
6.568000E1	1.089555E-1	8.621421E-2
6.572000E1	1.096675E-1	8.612426E-2
6.576000E1	1.103505E-1	8.613099E-2
6.580000E1	1.112397E-1	8.613933E-2
6.584000E1	1.121841E-1	8.610158E-2
6.588000E1	1.130637E-1	8.616950E-2
6.592000E1	1.139420E-1	8.620158E-2
6.596000E1	1.147687E-1	8.613557E-2
6.600000E1	1.156254E-1	8.610777E-2
6.604000E1	1.161415E-1	8.612426E-2
6.608000E1	1.168015E-1	8.611324E-2
6.612000E1	1.173088E-1	8.611454E-2
6.616000E1	1.177745E-1	8.613730E-2
6.620000E1	1.180662E-1	8.614899E-2
6.624000E1	1.185774E-1	8.619399E-2
6.628000E1	1.187006E-1	8.613839E-2
6.632000E1	1.186989E-1	8.617256E-2
6.636000E1	1.186606E-1	8.616596E-2
6.640000E1	1.184512E-1	8.618959E-2
6.644000E1	1.182827E-1	8.612425E-2
6.648000E1	1.179747E-1	8.616644E-2
6.652000E1	1.175818E-1	8.613695E-2
6.656000E1	1.169808E-1	8.616866E-2
6.660000E1	1.163544E-1	8.617748E-2
6.664000E1	1.157779E-1	8.616373E-2
6.668000E1	1.148678E-1	8.621516E-2
6.672000E1	1.140507E-1	8.615979E-2
6.676000E1	1.131959E-1	8.610351E-2
6.680000E1	1.122071E-1	8.616657E-2
6.684000E1	1.113197E-1	8.625498E-2
6.688000E1	1.106517E-1	8.619949E-2
6.692000E1	1.099187E-1	8.622635E-2
6.696000E1	1.092528E-1	8.618081E-2
6.700000E1	1.087430E-1	8.620522E-2
6.704000E1	1.082463E-1	8.622971E-2
6.708000E1	1.079685E-1	8.617556E-2
6.712000E1	1.077576E-1	8.626264E-2
6.716000E1	1.076732E-1	8.623269E-2
6.720000E1	1.077018E-1	8.626653E-2
6.724000E1	1.079597E-1	8.628973E-2
6.728000E1	1.083559E-1	8.625269E-2
6.732000E1	1.088708E-1	8.621354E-2
6.736000E1	1.094920E-1	8.619478E-2
6.740000E1	1.101443E-1	8.616265E-2
6.744000E1	1.108031E-1	8.620160E-2
6.748000E1	1.116494E-1	8.617347E-2
6.752000E1	1.123770E-1	8.617558E-2
6.756000E1	1.133020E-1	8.614804E-2
6.760000E1	1.142259E-1	8.614065E-2
6.764000E1	1.149022E-1	8.614551E-2
6.768000E1	1.155963E-1	8.611793E-2
6.772000E1	1.161228E-1	8.610846E-2
6.776000E1	1.166607E-1	8.615956E-2
6.780000E1	1.170792E-1	8.615991E-2
6.784000E1	1.174546E-1	8.617678E-2
6.788000E1	1.178360E-1	8.619465E-2
6.792000E1	1.180113E-1	8.616987E-2
6.796000E1	1.180858E-1	8.620064E-2
6.800000E1	1.179811E-1	8.622100E-2
6.804000E1	1.178436E-1	8.618723E-2
6.808000E1	1.174861E-1	8.613915E-2
6.812000E1	1.170684E-1	8.612731E-2
6.816000E1	1.165622E-1	8.621777E-2
6.820000E1	1.158762E-1	8.627490E-2
6.824000E1	1.151357E-1	8.613266E-2
6.828000E1	1.145674E-1	8.609520E-2
6.832000E1	1.137518E-1	8.610723E-2
6.836000E1	1.128665E-1	8.616977E-2
6.840000E1	1.120944E-1	8.615926E-2
6.844000E1	1.113302E-1	8.619537E-2
6.848000E1	1.106889E-1	8.613684E-2
6.852000E1	1.100850E-1	8.617863E-2
6.856000E1	1.095464E-1	8.623521E-2
6.860000E1	1.090898E-1	8.621670E-2
6.864000E1	1.086602E-1	8.622919E-2
6.868000E1	1.082388E-1	8.635164E-2
6.872000E1	1.080787E-1	8.618752E-2
6.876000E1	1.080562E-1	8.619890E-2
6.880000E1	1.080863E-1	8.622180E-2
6.884000E1	1.084060E-1	8.627054E-2
6.888000E1	1.087910E-1	8.621710E-2
6.892000E1	1.092414E-1	8.621903E-2
6.896000E1	1.097896E-1	8.620694E-2
6.900000E1	1.104452E-1	8.618872E-2
6.904000E1	1.111375E-1	8.613884E-2
6.908000E1	1.118718E-1	8.620474E-2
6.912000E1	1.127909E-1	8.611186E-2
6.916000E1	1.134482E-1	8.612225E-2
6.920000E1	1.141484E-1	8.610057E-2
6.924000E1	1.147982E-1	8.613331E-2
6.928000E1	1.155441E-1	8.618547E-2
6.932000E1	1.159476E-1	8.624126E-2
6.936000E1	1.163253E-1	8.619483E-2
6.940000E1	1.168430E-1	8.618054E-2
6.944000E1	1.171395E-1	8.614387E-2
6.948000E1	1.173940E-1	8.621719E-2
6.952000E1	1.176467E-1	8.617678E-2
6.956000E1	1.176062E-1	8.621385E-2
6.960000E1	1.175720E-1	8.621345E-2
6.964000E1	1.174037E-1	8.613411E-2
6.968000E1	1.171509E-1	8.613331E-2
6.972000E1	1.168575E-1	8.616498E-2
6.976000E1	1.165085E-1	8.615585E-2
6.980000E1	1.160382E-1	8.618048E-2
6.984000E1	1.153490E-1	8.620716E-2
6.988000E1	1.148559E-1	8.617755E-2
6.992000E1	1.142129E-1	8.610813E-2
6.996000E1	1.134133E-1	8.614200E-2
7.000000E1	1.126236E-1	8.614306E-2
7.004000E1	1.119713E-1	8.620692E-2
7.008000E1	1.113399E-1	8.621113E-2
7.012000E1	1.108000E-1	8.619936E-2
7.016000E1	1.104020E-1	8.620686E-2
7.020000E1	1.099875E-1	8.622153E-2
7.024000E1	1.095713E-1	8.623489E-2
7.028000E1	1.092075E-1	8.617794E-2
7.032000E1	1.088341E-1	8.619083E-2
7.036000E1	1.087059E-1	8.619164E-2
7.040000E1	1.086289E-1	8.618263E-2
7.044000E1	1.086266E-1	8.620597E-2
7.048000E1	1.087839E-1	8.619643E-2
7.052000E1	1.090170E-1	8.621785E-2
7.056000E1	1.092798E-1	8.626369E-2
7.060000E1	1.096289E-1	8.620354E-2
7.064000E1	1.099888E-1	8.619687E-2
7.068000E1	1.103869E-1	8.621617E-2
7.072000E1	1.109973E-1	8.619974E-2
7.076000E1	1.116500E-1	8.618098E-2
7.080000E1	1.121756E-1	8.613126E-2
7.084000E1	1.128939E-1	8.617487E-2
7.088000E1	1.136324E-1	8.612912E-2
7.092000E1	1.140958E-1	8.613416E-2
7.096000E1	1.147457E-1	8.613553E-2
7.100000E1	1.152690E-1	8.608093E-2
7.104000E1	1.156367E-1	8.612262E-2
7.108000E1	1.158966E-1	8.613657E-2
7.112000E1	1.162169E-1	8.610549E-2
7.116000E1	1.164494E-1	8.618198E-2
7.120000E1	1.166660E-1	8.618996E-2
7.124000E1	1.167527E-1	8.617044E-2
7.128000E1	1.168267E-1	8.619337E-2
7.132000E1	1.169586E-1	8.619263E-2
7.136000E1	1.169555E-1	8.624253E-2
7.140000E1	1.169297E-1	8.619078E-2
7.144000E1	1.168777E-1	8.616867E-2
7.148000E1	1.167445E-1	8.613843E-2
7.152000E1	1.165257E-1	8.618829E-2
7.156000E1	1.163140E-1	8.618325E-2
7.160000E1	1.160800E-1	8.610700E-2
7.164000E1	1.158177E-1	8.616773E-2
7.168000E1	1.153964E-1	8.616128E-2
7.172000E1	1.149265E-1	8.618584E-2
7.176000E1	1.143408E-1	8.623351E-2
7.180000E1	1.137394E-1	8.621226E-2
7.184000E1	1.130527E-1	8.616981E-2
7.188000E1	1.124116E-1	8.620484E-2
7.192000E1	1.117944E-1	8.622944E-2
7.196000E1	1.112431E-1	8.621904E-2
7.200000E1	1.107984E-1	8.620712E-2
7.204000E1	1.104563E-1	8.621521E-2
7.208000E1	1.101791E-1	8.618981E-2
7.212000E1	1.098482E-1	8.618605E-2
7.216000E1	1.097349E-1	8.616633E-2
7.220000E1	1.095422E-1	8.622333E-2
7.224000E1	1.094092E-1	8.620480E-2
7.228000E1	1.094367E-1	8.619450E-2
7.232000E1	1.094146E-1	8.620400E-2
7.236000E1	1.094047E-1	8.619276E-2
7.240000E1	1.095165E-1	8.622949E-2
7.244000E1	1.096147E-1	8.625468E-2
7.248000E1	1.097055E-1	8.613099E-2
7.252000E1	1.098711E-1	8.619739E-2
7.256000E1	1.102315E-1	8.623236E-2
7.260000E1	1.105372E-1	8.621523E-2
7.264000E1	1.110109E-1	8.611681E-2
7.268000E1	1.114992E-1	8.613639E-2
7.272000E1	1.120008E-1	8.618706E-2
7.276000E1	1.126150E-1	8.612000E-2
7.280000E1	1.131356E-1	8.612156E-2
7.284000E1	1.137744E-1	8.611625E-2
7.288000E1	1.142937E-1	8.612529E-2
7.292000E1	1.148807E-1	8.614562E-2
7.296000E1	1.152934E-1	8.619615E-2
7.300000E1	1.156703E-1	8.623802E-2
7.304000E1	1.158579E-1	8.619707E-2
7.308000E1	1.160107E-1	8.612478E-2
7.312000E1	1.160326E-1	8.607780E-2
7.316000E1	1.159864E-1	8.614486E-2
7.320000E1	1.159047E-1	8.622518E-2
7.324000E1	1.155387E-1	8.625766E-2
7.328000E1	1.151259E-1	8.616332E-2
7.332000E1	1.147421E-1	8.614485E-2
7.336000E1	1.141473E-1	8.614225E-2
7.340000E1	1.135742E-1	8.613362E-2
7.344000E1	1.129660E-1	8.612500E-2
7.348000E1	1.124481E-1	8.619225E-2
7.352000E1	1.119116E-1	8.613309E-2
7.356000E1	1.114073E-1	8.620934E-2
7.360000E1	1.109631E-1	8.619176E-2
7.364000E1	1.106693E-1	8.615427E-2
7.368000E1	1.103464E-1	8.623334E-2
7.372000E1	1.102534E-1	8.622387E-2
7.376000E1	1.103145E-1	8.621768E-2
7.380000E1	1.103209E-1	8.619818E-2
7.384000E1	1.103808E-1	8.616777E-2
7.388000E1	1.104767E-1	8.618609E-2
7.392000E1	1.106714E-1	8.618574E-2
7.396000E1	1.110225E-1	8.614471E-2
7.400000E1	1.114475E-1	8.620108E-2
7.404000E1	1.119272E-1	8.616701E-2
7.408000E1	1.124726E-1	8.618026E-2
7.412000E1	1.130735E-1	8.617409E-2
7.416000E1	1.135446E-1	8.616325E-2
7.420000E1	1.139386E-1	8.616218E-2
7.424000E1	1.143743E-1	8.609785E-2
7.428000E1	1.148295E-1	8.619123E-2
7.432000E1	1.152356E-1	8.612084E-2
7.436000E1	1.155408E-1	8.612351E-2
7.440000E1	1.157816E-1	8.607838E-2
7.444000E1	1.158199E-1	8.614079E-2
7.448000E1	1.157705E-1	8.618077E-2
7.452000E1	1.154270E-1	8.622475E-2
7.456000E1	1.151183E-1	8.621706E-2
7.460000E1	1.147649E-1	8.617403E-2
7.464000E1	1.143298E-1	8.614196E-2
7.468000E1	1.139014E-1	8.628078E-2
7.472000E1	1.133396E-1	8.623029E-2
7.476000E1	1.128878E-1	8.622363E-2
7.480000E1	1.124287E-1	8.622475E-2
7.484000E1	1.119772E-1	8.618806E-2
7.488000E1	1.115705E-1	8.616556E-2
7.492000E1	1.111524E-1	8.614472E-2
7.496000E1	1.107645E-1	8.627446E-2
7.500000E1	1.106876E-1	8.623080E-2
7.504000E1	1.104844E-1	8.626525E-2
7.508000E1	1.105698E-1	8.620358E-2
7.512000E1	1.106538E-1	8.616197E-2
7.516000E1	1.108485E-1	8.625480E-2
7.520000E1	1.112457E-1	8.622013E-2
7.524000E1	1.117141E-1	8.613998E-2
7.528000E1	1.120544E-1	8.616230E-2
7.532000E1	1.125616E-1	8.612126E-2
7.536000E1	1.130649E-1	8.613361E-2
7.540000E1	1.134752E-1	8.619312E-2
7.544000E1	1.139560E-1	8.616630E-2
7.548000E1	1.143037E-1	8.622877E-2
7.552000E1	1.147154E-1	8.613010E-2
7.556000E1	1.149476E-1	8.617645E-2
7.560000E1	1.152140E-1	8.611336E-2
7.564000E1	1.153799E-1	8.615699E-2
7.568000E1	1.155518E-1	8.613784E-2
7.572000E1	1.155295E-1	8.616177E-2
7.576000E1	1.153717E-1	8.621916E-2
7.580000E1	1.152051E-1	8.613329E-2
7.584000E1	1.149145E-1	8.619608E-2
7.588000E1	1.147272E-1	8.613382E-2
7.592000E1	1.143269E-1	8.620747E-2
7.596000E1	1.139677E-1	8.617383E-2
7.600000E1	1.136322E-1	8.615069E-2
7.604000E1	1.131723E-1	8.617295E-2
7.608000E1	1.126872E-1	8.617922E-2
7.612000E1	1.122905E-1	8.623093E-2
7.616000E1	1.119161E-1	8.617650E-2
7.620000E1	1.116103E-1	8.617132E-2
7.624000E1	1.111765E-1	8.616285E-2
7.628000E1	1.109353E-1	8.624533E-2
7.632000E1	1.108470E-1	8.620939E-2
7.636000E1	1.108743E-1	8.624965E-2
7.640000E1	1.109998E-1	8.621397E-2
7.644000E1	1.112082E-1	8.617186E-2
7.648000E1	1.115628E-1	8.615035E-2
7.652000E1	1.118303E-1	8.615345E-2
7.656000E1	1.122535E-1	8.608699E-2
7.660000E1	1.127519E-1	8.610385E-2
7.664000E1	1.130047E-1	8.616853E-2
7.668000E1	1.133508E-1	8.623855E-2
7.672000E1	1.138260E-1	8.621463E-2
7.676000E1	1.141156E-1	8.615959E-2
7.680000E1	1.143840E-1	8.615512E-2
7.684000E1	1.147060E-1	8.612358E-2
7.688000E1	1.148120E-1	8.619856E-2
7.692000E1	1.149504E-1	8.619753E-2
7.696000E1	1.150140E-1	8.621784E-2
7.700000E1	1.150766E-1	8.618172E-2
7.704000E1	1.151020E-1	8.615607E-2
7.708000E1	1.150997E-1	8.612598E-2
7.712000E1	1.150821E-1	8.614251E-2
7.716000E1	1.149607E-1	8.616514E-2
7.720000E1	1.148400E-1	8.616006E-2
7.724000E1	1.148282E-1	8.616551E-2
7.728000E1	1.147648E-1	8.617972E-2
7.732000E1	1.144624E-1	8.622559E-2
7.736000E1	1.142061E-1	8.613758E-2
7.740000E1	1.139254E-1	8.623502E-2
7.744000E1	1.135873E-1	8.622597E-2
7.748000E1	1.132332E-1	8.615406E-2
7.752000E1	1.127526E-1	8.612090E-2
7.756000E1	1.123669E-1	8.622334E-2
7.760000E1	1.120008E-1	8.619540E-2
7.764000E1	1.117195E-1	8.614925E-2
7.768000E1	1.113962E-1	8.618916E-2
7.772000E1	1.112049E-1	8.617981E-2
7.776000E1	1.108862E-1	8.615263E-2
7.780000E1	1.108934E-1	8.618741E-2
7.784000E1	1.109542E-1	8.621409E-2
7.788000E1	1.111590E-1	8.622855E-2
7.792000E1	1.113747E-1	8.623264E-2
7.796000E1	1.116661E-1	8.619589E-2
7.800000E1	1.119223E-1	8.622927E-2
7.804000E1	1.122362E-1	8.614249E-2
7.808000E1	1.126476E-1	8.615483E-2
7.812000E1	1.129371E-1	8.616667E-2
7.816000E1	1.132561E-1	8.608423E-2
7.820000E1	1.135954E-1	8.616402E-2
7.824000E1	1.138195E-1	8.624228E-2
7.828000E1	1.140499E-1	8.616724E-2
7.832000E1	1.141991E-1	8.613399E-2
7.836000E1	1.141842E-1	8.610924E-2
7.840000E1	1.141568E-1	8.611335E-2
7.844000E1	1.140816E-1	8.615466E-2
7.848000E1	1.139740E-1	8.615557E-2
7.852000E1	1.138154E-1	8.622798E-2
7.856000E1	1.135443E-1	8.620349E-2
7.860000E1	1.132232E-1	8.607469E-2
7.864000E1	1.129484E-1	8.613476E-2
7.868000E1	1.126404E-1	8.616589E-2
7.872000E1	1.122893E-1	8.622103E-2
7.876000E1	1.120454E-1	8.618342E-2
7.880000E1	1.118263E-1	8.624151E-2
7.884000E1	1.116735E-1	8.619001E-2
7.888000E1	1.113581E-1	8.623155E-2
7.892000E1	1.111966E-1	8.618817E-2
7.896000E1	1.109767E-1	8.618640E-2
7.900000E1	1.110221E-1	8.617459E-2
7.904000E1	1.110656E-1	8.620365E-2
7.908000E1	1.111335E-1	8.615561E-2
7.912000E1	1.112346E-1	8.613439E-2
7.916000E1	1.114404E-1	8.625429E-2
7.920000E1	1.117063E-1	8.613970E-2
7.924000E1	1.119092E-1	8.614370E-2
7.928000E1	1.121518E-1	8.613019E-2
7.932000E1	1.124097E-1	8.616486E-2
7.936000E1	1.127324E-1	8.615600E-2
7.940000E1	1.129382E-1	8.618382E-2
7.944000E1	1.131875E-1	8.613412E-2
7.948000E1	1.134736E-1	8.621320E-2
7.952000E1	1.137609E-1	8.611794E-2
7.956000E1	1.138578E-1	8.618163E-2
7.960000E1	1.138483E-1	8.624004E-2
7.964000E1	1.138924E-1	8.623434E-2
7.968000E1	1.139195E-1	8.620820E-2
7.972000E1	1.138501E-1	8.618272E-2
7.976000E1	1.137764E-1	8.619573E-2
7.980000E1	1.134668E-1	8.614940E-2
7.984000E1	1.131990E-1	8.609954E-2
7.988000E1	1.129232E-1	8.615073E-2
7.992000E1	1.128072E-1	8.615608E-2
7.996000E1	1.125125E-1	8.619200E-2
8.000000E1	1.122370E-1	8.619232E-2
8.004000E1	1.120615E-1	8.620192E-2
8.008000E1	1.119101E-1	8.620164E-2
8.012000E1	1.117817E-1	8.623598E-2
8.016000E1	1.118296E-1	8.613760E-2
8.020000E1	1.118079E-1	8.616758E-2
8.024000E1	1.117963E-1	8.616210E-2
8.028000E1	1.117738E-1	8.618386E-2
8.032000E1	1.117651E-1	8.615745E-2
8.036000E1	1.117412E-1	8.625149E-2
8.040000E1	1.115791E-1	8.618684E-2
8.044000E1	1.114704E-1	8.621402E-2
8.048000E1	1.114092E-1	8.620638E-2
8.052000E1	1.114037E-1	8.619150E-2
8.056000E1	1.114375E-1	8.622535E-2
8.060000E1	1.115057E-1	8.618617E-2
8.064000E1	1.115872E-1	8.617275E-2
8.068000E1	1.115828E-1	8.613697E-2
8.072000E1	1.116151E-1	8.610553E-2
8.076000E1	1.115890E-1	8.616136E-2
8.080000E1	1.115639E-1	8.618099E-2
8.084000E1	1.115532E-1	8.614964E-2
8.088000E1	1.115195E-1	8.618514E-2
8.092000E1	1.114539E-1	8.617336E-2
8.096000E1	1.114146E-1	8.622993E-2
8.100000E1	1.113829E-1	8.621835E-2
8.104000E1	1.113692E-1	8.620989E-2
8.108000E1	1.113774E-1	8.620997E-2
8.112000E1	1.114301E-1	8.620806E-2
8.116000E1	1.114760E-1	8.619389E-2
8.120000E1	1.115121E-1	8.615038E-2
8.124000E1	1.115219E-1	8.617952E-2
8.128000E1	1.115048E-1	8.623003E-2
8.132000E1	1.114687E-1	8.619732E-2
8.136000E1	1.114507E-1	8.619153E-2
8.140000E1	1.114496E-1	8.619738E-2
8.144000E1	1.113479E-1	8.620760E-2
8.148000E1	1.114189E-1	8.620901E-2
8.152000E1	1.113992E-1	8.615945E-2
8.156000E1	1.114418E-1	8.617280E-2
8.160000E1	1.114592E-1	8.616883E-2
8.164000E1	1.114853E-1	8.618455E-2
8.168000E1	1.115223E-1	8.620173E-2
8.172000E1	1.115458E-1	8.616193E-2
8.176000E1	1.114845E-1	8.620668E-2
8.180000E1	1.114719E-1	8.612683E-2
8.184000E1	1.114258E-1	8.620427E-2
8.188000E1	1.114038E-1	8.619385E-2
8.192000E1	1.114612E-1	8.619489E-2
8.196000E1	1.114794E-1	8.617059E-2
8.200000E1	1.114681E-1	8.624174E-2
8.204000E1	1.114778E-1	8.620032E-2
